1 0.22421875 0.13828125 0.034375 0.0390625
1 0.3015625 0.14375 0.034375 0.0390625
1 0.37890625 0.15 0.034375 0.03828125
1 0.21328125 0.22421875 0.034375 0.03984375
1 0.29140625 0.2296875 0.034375 0.040625
1 0.20234375 0.31171875 0.0359375 0.04140625
1 0.28125 0.3171875 0.034375 0.03984375
1 0.36953125 0.2359375 0.04921875 0.05546875
1 0.36015625 0.3234375 0.0359375 0.04140625
1 0.35 0.41328125 0.03515625 0.04140625
1 0.19140625 0.4 0.0359375 0.04140625
1 0.18046875 0.49140625 0.03515625 0.0421875
1 0.26953125 0.40625 0.04921875 0.05625
1 0.2578125 0.49765625 0.0359375 0.04296875
1 0.33984375 0.503125 0.0359375 0.04140625
1 0.42109375 0.51171875 0.04921875 0.0578125
1 0.45625 0.15625 0.034375 0.0390625
1 0.534375 0.16171875 0.03515625 0.03984375
1 0.44765625 0.2421875 0.0484375 0.05625
1 0.5265625 0.2484375 0.03515625 0.040625
1 0.4390625 0.3296875 0.03515625 0.03984375
1 0.51875 0.33671875 0.03515625 0.03984375
1 0.60546875 0.2546875 0.03359375 0.03984375
1 0.61328125 0.1671875 0.034375 0.03984375
1 0.5984375 0.3421875 0.0359375 0.04140625
1 0.5109375 0.4265625 0.0359375 0.0421875
1 0.58984375 0.43125 0.0359375 0.04140625
1 0.50234375 0.51640625 0.03515625 0.04140625
1 0.58203125 0.52265625 0.034375 0.04140625
1 0.57578125 0.6171875 0.03359375 0.040625
1 0.4921875 0.61015625 0.0328125 0.04140625
1 0.4109375 0.603125 0.03515625 0.04296875
1 0.33046875 0.59609375 0.034375 0.0421875
1 0.3203125 0.690625 0.03359375 0.04140625
1 0.40234375 0.6984375 0.0328125 0.0421875
1 0.484375 0.70546875 0.0328125 0.04296875
1 0.5671875 0.71328125 0.03359375 0.03984375
1 0.6921875 0.17265625 0.03515625 0.03984375
1 0.6859375 0.26015625 0.03515625 0.03984375
1 0.67890625 0.34921875 0.03515625 0.040625
1 0.671875 0.43984375 0.04921875 0.05859375
1 0.66484375 0.5328125 0.03359375 0.040625
1 0.65703125 0.625 0.034375 0.040625
1 0.65 0.72109375 0.0359375 0.04296875
1 0.4296875 0.41953125 0.05 0.05703125
0 0.43203125 0.42109375 0.0296875 0.03359375
0 0.22578125 0.13984375 0.01484375 0.01640625
0 0.303125 0.1453125 0.01484375 0.0171875
0 0.21484375 0.22578125 0.01484375 0.0171875
0 0.20390625 0.31328125 0.01484375 0.0171875
0 0.2828125 0.31875 0.015625 0.0171875
0 0.29296875 0.23125 0.01484375 0.0171875
0 0.38125 0.1515625 0.01484375 0.0171875
0 0.371875 0.2375 0.02890625 0.0328125
0 0.36171875 0.325 0.015625 0.0171875
0 0.27109375 0.40859375 0.02890625 0.0328125
0 0.19375 0.4015625 0.01484375 0.0171875
0 0.18203125 0.4921875 0.0140625 0.0171875
0 0.26015625 0.49921875 0.01484375 0.01796875
0 0.3515625 0.4140625 0.01484375 0.01640625
0 0.34140625 0.50546875 0.0140625 0.015625
0 0.42265625 0.5125 0.02890625 0.03203125
0 0.45859375 0.15703125 0.01484375 0.01640625
0 0.45 0.24375 0.02890625 0.0328125
0 0.52890625 0.25 0.015625 0.0171875
0 0.53671875 0.16328125 0.015625 0.0171875
0 0.440625 0.33203125 0.01484375 0.0171875
0 0.52109375 0.33828125 0.01484375 0.0171875
0 0.51171875 0.428125 0.0140625 0.01640625
0 0.50390625 0.51875 0.0140625 0.015625
0 0.49296875 0.61171875 0.01484375 0.015625
0 0.41328125 0.6046875 0.01328125 0.015625
0 0.33203125 0.596875 0.0140625 0.01640625
0 0.40390625 0.69921875 0.01328125 0.01484375
0 0.321875 0.69140625 0.01328125 0.01484375
0 0.5765625 0.61875 0.0140625 0.015625
0 0.56796875 0.71328125 0.0125 0.01484375
0 0.48515625 0.70625 0.0125 0.01484375
0 0.58359375 0.52421875 0.015625 0.01796875
0 0.59140625 0.4328125 0.015625 0.01796875
0 0.6 0.34453125 0.01484375 0.01640625
0 0.6078125 0.25625 0.01484375 0.01640625
0 0.6875 0.2625 0.015625 0.0171875
0 0.68046875 0.35078125 0.0140625 0.015625
0 0.67265625 0.44140625 0.028125 0.0328125
0 0.665625 0.53515625 0.01328125 0.01484375
0 0.65859375 0.6265625 0.0125 0.01484375
0 0.61484375 0.16953125 0.015625 0.01640625
0 0.69453125 0.175 0.015625 0.0171875
0 0.65078125 0.721875 0.0125 0.01484375
1 0.16796875 0.58203125 0.034375 0.04140625
0 0.16953125 0.58359375 0.01484375 0.0171875
1 0.24765625 0.58984375 0.0359375 0.0421875
0 0.24921875 0.59140625 0.01484375 0.015625
1 0.2390625 0.68359375 0.03359375 0.040625
0 0.23984375 0.68359375 0.01328125 0.01640625
1 0.15625 0.6765625 0.034375 0.0390625
0 0.1578125 0.6765625 0.0125 0.015625