1 0.3640625 0.15859375 0.0328125 0.03828125
0 0.365625 0.16015625 0.0125 0.0140625
1 0.43515625 0.1625 0.03203125 0.0375
0 0.43671875 0.1640625 0.0125 0.01484375
1 0.5078125 0.16640625 0.03359375 0.0375
0 0.509375 0.16796875 0.0140625 0.015625
1 0.34609375 0.24296875 0.03359375 0.03828125
0 0.34765625 0.24375 0.01328125 0.01484375
1 0.32734375 0.328125 0.03359375 0.03984375
0 0.32890625 0.32890625 0.01328125 0.01640625
1 0.30859375 0.4140625 0.0328125 0.0390625
0 0.31015625 0.415625 0.0140625 0.01640625
1 0.28984375 0.50234375 0.03359375 0.040625
0 0.29140625 0.50390625 0.0140625 0.01640625
1 0.26953125 0.5921875 0.034375 0.0421875
0 0.27109375 0.59296875 0.01328125 0.01640625
1 0.25 0.6828125 0.0328125 0.04140625
0 0.2515625 0.68359375 0.0125 0.015625
1 0.41796875 0.246875 0.03359375 0.03828125
0 0.41953125 0.2484375 0.0140625 0.015625
1 0.490625 0.2515625 0.046875 0.0546875
0 0.49296875 0.253125 0.02734375 0.03203125
1 0.56484375 0.25703125 0.046875 0.0546875
0 0.56640625 0.2578125 0.028125 0.03203125
1 0.58125 0.1703125 0.03359375 0.03828125
0 0.58359375 0.171875 0.01484375 0.01640625
1 0.65625 0.17421875 0.03359375 0.0390625
0 0.65859375 0.1765625 0.01484375 0.01640625
1 0.640625 0.2609375 0.03515625 0.03984375
0 0.6421875 0.2625 0.0140625 0.01640625
1 0.71640625 0.26640625 0.03515625 0.03984375
0 0.7171875 0.2671875 0.01328125 0.015625
1 0.73203125 0.17890625 0.03359375 0.0390625
0 0.73359375 0.18125 0.01484375 0.01640625
1 0.809375 0.1828125 0.03515625 0.03984375
0 0.81015625 0.18515625 0.0140625 0.015625
1 0.79375 0.27109375 0.03515625 0.0390625
0 0.7953125 0.27265625 0.01328125 0.0140625
1 0.77890625 0.36015625 0.034375 0.0390625
0 0.7796875 0.36171875 0.01328125 0.015625
1 0.7625 0.45078125 0.046875 0.05234375
0 0.76328125 0.4515625 0.0265625 0.03046875
1 0.746875 0.5453125 0.0328125 0.03671875
0 0.74765625 0.546875 0.0109375 0.0125
1 0.73125 0.63671875 0.03203125 0.0359375
0 0.73125 0.63828125 0.01015625 0.0125
0 0.40703125 0.36796875 0.01484375 0.01640625
0 0.44375 0.37109375 0.01484375 0.01640625
0 0.396875 0.41171875 0.01484375 0.0171875
0 0.3875 0.45546875 0.0140625 0.01640625
0 0.37734375 0.49921875 0.0140625 0.01640625
0 0.41484375 0.503125 0.02734375 0.03125
0 0.3671875 0.54375 0.0125 0.0171875
0 0.4046875 0.54765625 0.02578125 0.03125
0 0.4515625 0.5078125 0.01328125 0.01640625
0 0.4890625 0.51171875 0.0265625 0.03203125
0 0.42421875 0.459375 0.0140625 0.01640625
0 0.434375 0.415625 0.01484375 0.0171875
0 0.48125 0.375 0.0140625 0.01640625
0 0.47109375 0.41875 0.0140625 0.0171875
0 0.46171875 0.46328125 0.01328125 0.015625
0 0.49921875 0.4671875 0.0140625 0.01640625
0 0.50859375 0.42265625 0.0140625 0.01640625
0 0.51796875 0.37890625 0.02734375 0.03203125
0 0.55625 0.3828125 0.01484375 0.0171875
0 0.546875 0.4265625 0.0140625 0.0171875
0 0.59375 0.3859375 0.0125 0.015625
0 0.63203125 0.38984375 0.01328125 0.01484375
0 0.584375 0.43046875 0.0125 0.01484375
0 0.5375 0.47109375 0.01328125 0.01484375
0 0.57578125 0.47578125 0.0125 0.01484375
0 0.6234375 0.43515625 0.0125 0.01328125
0 0.6140625 0.4796875 0.01171875 0.0140625
0 0.565625 0.5203125 0.0125 0.0140625
0 0.528125 0.51640625 0.0265625 0.03046875
0 0.3578125 0.58828125 0.01171875 0.0140625
0 0.34765625 0.63359375 0.01171875 0.01328125
0 0.3953125 0.59296875 0.0125 0.0140625
0 0.384375 0.63828125 0.0109375 0.01328125
0 0.43203125 0.59765625 0.01171875 0.015625
0 0.42265625 0.64296875 0.01171875 0.0140625
0 0.46015625 0.6484375 0.0109375 0.01328125
0 0.47109375 0.60234375 0.025 0.0296875
0 0.50859375 0.6078125 0.01171875 0.01328125
0 0.4421875 0.55234375 0.0125 0.01484375
0 0.48046875 0.55625 0.01171875 0.01484375
0 0.51796875 0.5609375 0.0125 0.015625
0 0.55703125 0.56640625 0.0125 0.01328125
0 0.54765625 0.61171875 0.01171875 0.01328125
0 0.49921875 0.653125 0.0109375 0.01328125
0 0.5375 0.65859375 0.0109375 0.01328125
0 0.58671875 0.6171875 0.0109375 0.01328125
0 0.5765625 0.6625 0.009375 0.01015625
0 0.5953125 0.5703125 0.01171875 0.0125
0 0.6046875 0.525 0.01171875 0.01328125
1 0.71484375 0.7328125 0.0328125 0.0390625