1 0.346875 0.859375 0.0390625 0.034375
0 0.3484375 0.859375 0.015625 0.015625
1 0.41953125 0.82265625 0.040625 0.0359375
0 0.42109375 0.8234375 0.015625 0.0140625
0 0.3 0.790625 0.015625 0.015625
1 0.49375 0.78671875 0.040625 0.0359375
0 0.4953125 0.7875 0.015625 0.0125
1 0.56796875 0.75078125 0.040625 0.0359375
0 0.5703125 0.75078125 0.0140625 0.0125
1 0.64609375 0.71484375 0.0421875 0.0375
0 0.64765625 0.71328125 0.0140625 0.0125
1 0.7234375 0.675 0.040625 0.034375
0 0.725 0.675 0.0125 0.0125
1 0.803125 0.6359375 0.040625 0.034375
0 0.80546875 0.63671875 0.0125 0.009375
1 0.671875 0.60234375 0.040625 0.034375
0 0.6734375 0.603125 0.0140625 0.0125
1 0.5921875 0.6421875 0.0390625 0.034375
0 0.59453125 0.64296875 0.015625 0.0125
1 0.5171875 0.68046875 0.040625 0.034375
0 0.51953125 0.68046875 0.015625 0.0125
1 0.44296875 0.71640625 0.0390625 0.034375
0 0.4453125 0.7171875 0.015625 0.015625
1 0.36953125 0.7546875 0.040625 0.0359375
0 0.371875 0.75546875 0.015625 0.015625
0 0.25234375 0.72109375 0.015625 0.015625
1 0.3203125 0.6859375 0.0390625 0.034375
0 0.321875 0.6859375 0.015625 0.015625
1 0.39375 0.646875 0.0390625 0.0359375
0 0.3953125 0.64765625 0.015625 0.0140625
1 0.27109375 0.61640625 0.053125 0.05
0 0.2734375 0.61640625 0.03125 0.028125
0 0.2046875 0.653125 0.015625 0.015625
0 0.15625 0.584375 0.015625 0.015625
1 0.2234375 0.54609375 0.0375 0.0359375
0 0.2265625 0.546875 0.015625 0.015625
0 0.10859375 0.51640625 0.015625 0.015625
0 0.17734375 0.478125 0.015625 0.015625
1 0.2453125 0.4390625 0.0546875 0.05
0 0.2484375 0.4390625 0.03125 0.028125
1 0.31796875 0.4 0.05625 0.05
0 0.3203125 0.39921875 0.03125 0.028125
1 0.39140625 0.35859375 0.0390625 0.034375
0 0.39375 0.35859375 0.0140625 0.0125
1 0.46640625 0.3171875 0.040625 0.0359375
0 0.46796875 0.31796875 0.0140625 0.0125
1 0.51796875 0.3890625 0.0375 0.034375
0 0.51953125 0.3890625 0.0140625 0.0125
1 0.59453125 0.346875 0.0375 0.0328125
0 0.59609375 0.34765625 0.0125 0.0125
1 0.64609375 0.41796875 0.05625 0.046875
0 0.64765625 0.41953125 0.028125 0.025
1 0.69921875 0.4921875 0.0375 0.0328125
0 0.70078125 0.49296875 0.0125 0.0109375
1 0.6171875 0.53046875 0.040625 0.034375
0 0.6203125 0.53046875 0.0125 0.0109375
1 0.5421875 0.5703125 0.040625 0.034375
0 0.54453125 0.5703125 0.0125 0.0125
0 0.0609375 0.44921875 0.015625 0.015625
1 0.4671875 0.609375 0.0546875 0.0484375
0 0.46953125 0.61015625 0.03125 0.028125
0 0.1296875 0.41015625 0.015625 0.015625
0 0.19921875 0.3703125 0.015625 0.015625
0 0.27109375 0.33046875 0.0171875 0.015625
1 0.340625 0.2890625 0.040625 0.0359375
0 0.34375 0.28984375 0.0171875 0.015625
0 0.4171875 0.24765625 0.0171875 0.015625
1 0.48984375 0.2046875 0.04375 0.0375
0 0.49296875 0.2046875 0.0171875 0.015625
1 0.5421875 0.27578125 0.04375 0.0359375
0 0.54453125 0.2765625 0.015625 0.0125
1 0.34375 0.57734375 0.040625 0.0359375
0 0.34609375 0.57734375 0.0171875 0.015625
1 0.29453125 0.5078125 0.0390625 0.0359375
0 0.296875 0.5078125 0.0171875 0.015625
1 0.3671875 0.46953125 0.040625 0.0375
0 0.36953125 0.46875 0.0171875 0.015625
0 0.36953125 0.46875 0.0171875 0.015625
1 0.44140625 0.42890625 0.0390625 0.0359375
0 0.44375 0.42890625 0.0171875 0.015625
1 0.49140625 0.5 0.0390625 0.034375
0 0.49453125 0.5 0.015625 0.0140625
1 0.56484375 0.45859375 0.0375 0.0328125
0 0.56796875 0.459375 0.015625 0.0140625
1 0.4171875 0.5390625 0.05625 0.05
0 0.41953125 0.5390625 0.0328125 0.028125
1 0.346875 0.859375 0.0390625 0.034375
1 0.2984375 0.790625 0.0390625 0.034375
1 0.25 0.72109375 0.0390625 0.034375
1 0.2015625 0.65234375 0.0390625 0.034375
1 0.1546875 0.584375 0.0390625 0.034375
1 0.10625 0.51640625 0.0390625 0.034375
1 0.05859375 0.44921875 0.0375 0.034375
1 0.175 0.478125 0.0375 0.0359375
1 0.1265625 0.41015625 0.0375 0.0359375
1 0.196875 0.3703125 0.0390625 0.0375
1 0.2671875 0.3296875 0.0390625 0.0375
1 0.41484375 0.24765625 0.040625 0.0359375