1 0.3640625 0.84140625 0.0328125 0.0375
0 0.365625 0.83984375 0.0125 0.0140625
1 0.43515625 0.8375 0.03125 0.0375
0 0.43671875 0.8359375 0.0125 0.015625
1 0.5078125 0.83359375 0.034375 0.0375
0 0.509375 0.83203125 0.0140625 0.015625
1 0.34609375 0.75703125 0.034375 0.0375
0 0.34765625 0.75625 0.0125 0.015625
1 0.32734375 0.671875 0.034375 0.040625
0 0.32890625 0.67109375 0.0125 0.015625
1 0.30859375 0.5859375 0.0328125 0.0390625
0 0.31015625 0.584375 0.0140625 0.015625
1 0.28984375 0.49765625 0.034375 0.040625
0 0.29140625 0.49609375 0.0140625 0.015625
1 0.26953125 0.4078125 0.034375 0.0421875
0 0.27109375 0.40703125 0.0125 0.015625
1 0.25 0.3171875 0.0328125 0.040625
0 0.2515625 0.31640625 0.0125 0.015625
1 0.41796875 0.753125 0.034375 0.0375
0 0.41953125 0.7515625 0.0140625 0.015625
1 0.490625 0.7484375 0.046875 0.0546875
0 0.49296875 0.746875 0.028125 0.03125
1 0.56484375 0.74296875 0.046875 0.0546875
0 0.56640625 0.7421875 0.028125 0.03125
1 0.58125 0.8296875 0.034375 0.0375
0 0.58359375 0.828125 0.015625 0.015625
1 0.65625 0.82578125 0.034375 0.0390625
0 0.65859375 0.8234375 0.015625 0.015625
1 0.640625 0.7390625 0.034375 0.040625
0 0.6421875 0.7375 0.0140625 0.015625
1 0.71640625 0.73359375 0.034375 0.040625
0 0.7171875 0.7328125 0.0125 0.015625
1 0.73203125 0.82109375 0.034375 0.0390625
0 0.73359375 0.81875 0.015625 0.015625
1 0.809375 0.8171875 0.034375 0.040625
0 0.81015625 0.81484375 0.0140625 0.015625
1 0.79375 0.72890625 0.034375 0.0390625
0 0.7953125 0.72734375 0.0125 0.0140625
1 0.77890625 0.63984375 0.034375 0.0390625
0 0.7796875 0.63828125 0.0125 0.015625
1 0.7625 0.54921875 0.046875 0.053125
0 0.76328125 0.5484375 0.0265625 0.03125
1 0.746875 0.4546875 0.0328125 0.0375
0 0.74765625 0.453125 0.0109375 0.0125
1 0.73125 0.36328125 0.03125 0.0359375
0 0.73125 0.36171875 0.009375 0.0125
0 0.40703125 0.63203125 0.015625 0.015625
0 0.44375 0.62890625 0.015625 0.015625
0 0.396875 0.58828125 0.015625 0.0171875
0 0.3875 0.54453125 0.0140625 0.015625
0 0.37734375 0.50078125 0.0140625 0.015625
0 0.41484375 0.496875 0.028125 0.03125
0 0.3671875 0.45625 0.0125 0.0171875
0 0.4046875 0.45234375 0.025 0.03125
0 0.4515625 0.4921875 0.0125 0.015625
0 0.4890625 0.48828125 0.0265625 0.03125
0 0.42421875 0.540625 0.0140625 0.015625
0 0.434375 0.584375 0.015625 0.0171875
0 0.48125 0.625 0.0140625 0.015625
0 0.47109375 0.58125 0.0140625 0.0171875
0 0.46171875 0.53671875 0.0125 0.015625
0 0.49921875 0.5328125 0.0140625 0.015625
0 0.50859375 0.57734375 0.0140625 0.015625
0 0.51796875 0.62109375 0.028125 0.03125
0 0.55625 0.6171875 0.015625 0.0171875
0 0.546875 0.5734375 0.0140625 0.0171875
0 0.59375 0.6140625 0.0125 0.015625
0 0.63203125 0.61015625 0.0125 0.015625
0 0.584375 0.56953125 0.0125 0.015625
0 0.5375 0.52890625 0.0125 0.015625
0 0.57578125 0.52421875 0.0125 0.015625
0 0.6234375 0.56484375 0.0125 0.0125
0 0.6140625 0.5203125 0.0125 0.0140625
0 0.565625 0.4796875 0.0125 0.0140625
0 0.528125 0.48359375 0.0265625 0.03125
0 0.3578125 0.41171875 0.0125 0.0140625
0 0.34765625 0.36640625 0.0125 0.0125
0 0.3953125 0.40703125 0.0125 0.0140625
0 0.384375 0.36171875 0.0109375 0.0125
0 0.43203125 0.40234375 0.0125 0.015625
0 0.42265625 0.35703125 0.0125 0.0140625
0 0.46015625 0.3515625 0.0109375 0.0125
0 0.47109375 0.39765625 0.025 0.0296875
0 0.50859375 0.3921875 0.0125 0.0125
0 0.4421875 0.44765625 0.0125 0.015625
0 0.48046875 0.44375 0.0125 0.015625
0 0.51796875 0.4390625 0.0125 0.015625
0 0.55703125 0.43359375 0.0125 0.0125
0 0.54765625 0.38828125 0.0125 0.0125
0 0.49921875 0.346875 0.0109375 0.0125
0 0.5375 0.34140625 0.0109375 0.0125
0 0.58671875 0.3828125 0.0109375 0.0125
0 0.5765625 0.3375 0.009375 0.009375
0 0.5953125 0.4296875 0.0125 0.0125
0 0.6046875 0.475 0.0125 0.0125
1 0.71484375 0.2671875 0.0328125 0.0390625