1 0.653125 0.859375 0.0390625 0.034375
0 0.6515625 0.859375 0.015625 0.015625
1 0.58046875 0.82265625 0.040625 0.0359375
0 0.57890625 0.8234375 0.015625 0.0140625
0 0.7 0.790625 0.015625 0.015625
1 0.50625 0.78671875 0.040625 0.0359375
0 0.5046875 0.7875 0.015625 0.0125
1 0.43203125 0.75078125 0.040625 0.0359375
0 0.4296875 0.75078125 0.0140625 0.0125
1 0.35390625 0.71484375 0.0421875 0.0375
0 0.35234375 0.71328125 0.0140625 0.0125
1 0.2765625 0.675 0.040625 0.034375
0 0.275 0.675 0.0125 0.0125
1 0.196875 0.6359375 0.040625 0.034375
0 0.19453125 0.63671875 0.0125 0.009375
1 0.328125 0.60234375 0.040625 0.034375
0 0.3265625 0.603125 0.0140625 0.0125
1 0.4078125 0.6421875 0.0390625 0.034375
0 0.40546875 0.64296875 0.015625 0.0125
1 0.4828125 0.68046875 0.040625 0.034375
0 0.48046875 0.68046875 0.015625 0.0125
1 0.55703125 0.71640625 0.0390625 0.034375
0 0.5546875 0.7171875 0.015625 0.015625
1 0.63046875 0.7546875 0.040625 0.0359375
0 0.628125 0.75546875 0.015625 0.015625
0 0.74765625 0.72109375 0.015625 0.015625
1 0.6796875 0.6859375 0.0390625 0.034375
0 0.678125 0.6859375 0.015625 0.015625
1 0.60625 0.646875 0.0390625 0.0359375
0 0.6046875 0.64765625 0.015625 0.0140625
1 0.72890625 0.61640625 0.053125 0.05
0 0.7265625 0.61640625 0.03125 0.028125
0 0.7953125 0.653125 0.015625 0.015625
0 0.84375 0.584375 0.015625 0.015625
1 0.7765625 0.54609375 0.0375 0.0359375
0 0.7734375 0.546875 0.015625 0.015625
0 0.89140625 0.51640625 0.015625 0.015625
0 0.82265625 0.478125 0.015625 0.015625
1 0.7546875 0.4390625 0.0546875 0.05
0 0.7515625 0.4390625 0.03125 0.028125
1 0.68203125 0.4 0.05625 0.05
0 0.6796875 0.39921875 0.03125 0.028125
1 0.60859375 0.35859375 0.0390625 0.034375
0 0.60625 0.35859375 0.0140625 0.0125
1 0.53359375 0.3171875 0.040625 0.0359375
0 0.53203125 0.31796875 0.0140625 0.0125
1 0.48203125 0.3890625 0.0375 0.034375
0 0.48046875 0.3890625 0.0140625 0.0125
1 0.40546875 0.346875 0.0375 0.0328125
0 0.40390625 0.34765625 0.0125 0.0125
1 0.35390625 0.41796875 0.05625 0.046875
0 0.35234375 0.41953125 0.028125 0.025
1 0.30078125 0.4921875 0.0375 0.0328125
0 0.29921875 0.49296875 0.0125 0.0109375
1 0.3828125 0.53046875 0.040625 0.034375
0 0.3796875 0.53046875 0.0125 0.0109375
1 0.4578125 0.5703125 0.040625 0.034375
0 0.45546875 0.5703125 0.0125 0.0125
0 0.9390625 0.44921875 0.015625 0.015625
1 0.5328125 0.609375 0.0546875 0.0484375
0 0.53046875 0.61015625 0.03125 0.028125
0 0.8703125 0.41015625 0.015625 0.015625
0 0.80078125 0.3703125 0.015625 0.015625
0 0.72890625 0.33046875 0.0171875 0.015625
1 0.659375 0.2890625 0.040625 0.0359375
0 0.65625 0.28984375 0.0171875 0.015625
0 0.5828125 0.24765625 0.0171875 0.015625
1 0.51015625 0.2046875 0.04375 0.0375
0 0.50703125 0.2046875 0.0171875 0.015625
1 0.4578125 0.27578125 0.04375 0.0359375
0 0.45546875 0.2765625 0.015625 0.0125
1 0.65625 0.57734375 0.040625 0.0359375
0 0.65390625 0.57734375 0.0171875 0.015625
1 0.70546875 0.5078125 0.0390625 0.0359375
0 0.703125 0.5078125 0.0171875 0.015625
1 0.6328125 0.46953125 0.040625 0.0375
0 0.63046875 0.46875 0.0171875 0.015625
0 0.63046875 0.46875 0.0171875 0.015625
1 0.55859375 0.42890625 0.0390625 0.0359375
0 0.55625 0.42890625 0.0171875 0.015625
1 0.50859375 0.5 0.0390625 0.034375
0 0.50546875 0.5 0.015625 0.0140625
1 0.43515625 0.45859375 0.0375 0.0328125
0 0.43203125 0.459375 0.015625 0.0140625
1 0.5828125 0.5390625 0.05625 0.05
0 0.58046875 0.5390625 0.0328125 0.028125
1 0.653125 0.859375 0.0390625 0.034375
1 0.7015625 0.790625 0.0390625 0.034375
1 0.75 0.72109375 0.0390625 0.034375
1 0.7984375 0.65234375 0.0390625 0.034375
1 0.8453125 0.584375 0.0390625 0.034375
1 0.89375 0.51640625 0.0390625 0.034375
1 0.94140625 0.44921875 0.0375 0.034375
1 0.825 0.478125 0.0375 0.0359375
1 0.8734375 0.41015625 0.0375 0.0359375
1 0.803125 0.3703125 0.0390625 0.0375
1 0.7328125 0.3296875 0.0390625 0.0375
1 0.58515625 0.24765625 0.040625 0.0359375