1 0.15859375 0.6359375 0.0375 0.0328125
0 0.16015625 0.634375 0.0140625 0.0125
1 0.1625 0.56484375 0.0375 0.03125
0 0.1640625 0.56328125 0.015625 0.0125
1 0.16640625 0.4921875 0.0375 0.034375
0 0.16796875 0.490625 0.015625 0.0140625
1 0.24296875 0.65390625 0.0375 0.034375
0 0.24375 0.65234375 0.015625 0.0125
1 0.328125 0.67265625 0.040625 0.034375
0 0.32890625 0.67109375 0.015625 0.0125
1 0.4140625 0.69140625 0.0390625 0.0328125
0 0.415625 0.68984375 0.015625 0.0140625
1 0.50234375 0.71015625 0.040625 0.034375
0 0.50390625 0.70859375 0.015625 0.0140625
1 0.5921875 0.73046875 0.0421875 0.034375
0 0.59296875 0.72890625 0.015625 0.0125
1 0.6828125 0.75 0.040625 0.0328125
0 0.68359375 0.7484375 0.015625 0.0125
1 0.246875 0.58203125 0.0375 0.034375
0 0.2484375 0.58046875 0.015625 0.0140625
1 0.2515625 0.509375 0.0546875 0.046875
0 0.253125 0.50703125 0.03125 0.028125
1 0.25703125 0.43515625 0.0546875 0.046875
0 0.2578125 0.43359375 0.03125 0.028125
1 0.1703125 0.41875 0.0375 0.034375
0 0.171875 0.41640625 0.015625 0.015625
1 0.17421875 0.34375 0.0390625 0.034375
0 0.1765625 0.34140625 0.015625 0.015625
1 0.2609375 0.359375 0.040625 0.034375
0 0.2625 0.3578125 0.015625 0.0140625
1 0.26640625 0.28359375 0.040625 0.034375
0 0.2671875 0.2828125 0.015625 0.0125
1 0.17890625 0.26796875 0.0390625 0.034375
0 0.18125 0.26640625 0.015625 0.015625
1 0.1828125 0.190625 0.040625 0.034375
0 0.18515625 0.18984375 0.015625 0.0140625
1 0.27109375 0.20625 0.0390625 0.034375
0 0.27265625 0.2046875 0.0140625 0.0125
1 0.36015625 0.22109375 0.0390625 0.034375
0 0.36171875 0.2203125 0.015625 0.0125
1 0.45078125 0.2375 0.053125 0.046875
0 0.4515625 0.23671875 0.03125 0.0265625
1 0.5453125 0.253125 0.0375 0.0328125
0 0.546875 0.25234375 0.0125 0.0109375
1 0.63671875 0.26875 0.0359375 0.03125
0 0.63828125 0.26875 0.0125 0.009375
0 0.36796875 0.59296875 0.015625 0.015625
0 0.37109375 0.55625 0.015625 0.015625
0 0.41171875 0.603125 0.0171875 0.015625
0 0.45546875 0.6125 0.015625 0.0140625
0 0.49921875 0.62265625 0.015625 0.0140625
0 0.503125 0.58515625 0.03125 0.028125
0 0.54375 0.6328125 0.0171875 0.0125
0 0.54765625 0.5953125 0.03125 0.025
0 0.5078125 0.5484375 0.015625 0.0125
0 0.51171875 0.5109375 0.03125 0.0265625
0 0.459375 0.57578125 0.015625 0.0140625
0 0.415625 0.565625 0.0171875 0.015625
0 0.375 0.51875 0.015625 0.0140625
0 0.41875 0.52890625 0.0171875 0.0140625
0 0.46328125 0.53828125 0.015625 0.0125
0 0.4671875 0.50078125 0.015625 0.0140625
0 0.42265625 0.49140625 0.015625 0.0140625
0 0.37890625 0.48203125 0.03125 0.028125
0 0.3828125 0.44375 0.0171875 0.015625
0 0.4265625 0.453125 0.0171875 0.0140625
0 0.3859375 0.40625 0.015625 0.0125
0 0.38984375 0.36796875 0.015625 0.0125
0 0.43046875 0.415625 0.015625 0.0125
0 0.47109375 0.4625 0.015625 0.0125
0 0.47578125 0.42421875 0.015625 0.0125
0 0.43515625 0.3765625 0.0125 0.0125
0 0.4796875 0.3859375 0.0140625 0.0125
0 0.5203125 0.434375 0.0140625 0.0125
0 0.51640625 0.471875 0.03125 0.0265625
0 0.58828125 0.6421875 0.0140625 0.0125
0 0.63359375 0.65234375 0.0125 0.0125
0 0.59296875 0.6046875 0.0140625 0.0125
0 0.63828125 0.615625 0.0125 0.0109375
0 0.59765625 0.56796875 0.015625 0.0125
0 0.64296875 0.57734375 0.0140625 0.0125
0 0.6484375 0.53984375 0.0125 0.0109375
0 0.60234375 0.52890625 0.0296875 0.025
0 0.6078125 0.49140625 0.0125 0.0125
0 0.55234375 0.5578125 0.015625 0.0125
0 0.55625 0.51953125 0.015625 0.0125
0 0.5609375 0.48203125 0.015625 0.0125
0 0.56640625 0.44296875 0.0125 0.0125
0 0.61171875 0.45234375 0.0125 0.0125
0 0.653125 0.50078125 0.0125 0.0109375
0 0.65859375 0.4625 0.0125 0.0109375
0 0.6171875 0.41328125 0.0125 0.0109375
0 0.6625 0.4234375 0.009375 0.009375
0 0.5703125 0.4046875 0.0125 0.0125
0 0.525 0.3953125 0.0125 0.0125
1 0.7328125 0.28515625 0.0390625 0.0328125