1 0.35546875 0.21484375 0.1375 0.121875
0 0.3578125 0.2125 0.06875 0.0625
1 0.73984375 0.1390625 0.15 0.128125
0 0.740625 0.13671875 0.071875 0.0640625
1 0.3953125 0.51640625 0.2015625 0.1125
0 0.39921875 0.52734375 0.1375 0.078125
0 0.790625 0.475 0.075 0.0421875
1 0.03203125 0.2859375 0.0625 0.1171875
0 0.0171875 0.2828125 0.034375 0.05625
1 0.04921875 0.5859375 0.0984375 0.071875
0 0.03828125 0.60234375 0.0640625 0.0484375
1 0.4390625 0.9 0.2078125 0.1875
1 0.84140625 0.85 0.159375 0.140625
1 0.065625 0.94140625 0.13125 0.1171875
0 0.4421875 0.89921875 0.140625 0.1265625
0 0.8421875 0.85 0.0734375 0.0625
0 0.07109375 0.9453125 0.065625 0.0625