1 0.140625 0.346875 0.03515625 0.0390625
0 0.140625 0.3484375 0.01484375 0.01640625
1 0.17734375 0.41953125 0.0359375 0.03984375
0 0.1765625 0.42109375 0.0140625 0.01640625
0 0.209375 0.3 0.01484375 0.01640625
1 0.21328125 0.49375 0.0359375 0.03984375
0 0.2125 0.4953125 0.01328125 0.01484375
1 0.24921875 0.56796875 0.0359375 0.040625
0 0.24921875 0.5703125 0.0125 0.0140625
1 0.28515625 0.64609375 0.03671875 0.0421875
0 0.28671875 0.64765625 0.0125 0.0140625
1 0.325 0.7234375 0.03515625 0.04140625
0 0.325 0.725 0.01171875 0.0125
1 0.3640625 0.803125 0.034375 0.04140625
0 0.36328125 0.80546875 0.01015625 0.01171875
1 0.39765625 0.671875 0.034375 0.03984375
0 0.396875 0.6734375 0.01328125 0.0140625
1 0.3578125 0.5921875 0.034375 0.0390625
0 0.35703125 0.59453125 0.01328125 0.01484375
1 0.31953125 0.5171875 0.034375 0.040625
0 0.31953125 0.51953125 0.01328125 0.015625
1 0.28359375 0.44296875 0.034375 0.0390625
0 0.2828125 0.4453125 0.01484375 0.01640625
1 0.2453125 0.36953125 0.0359375 0.03984375
0 0.24453125 0.371875 0.01484375 0.01640625
0 0.27890625 0.25234375 0.01484375 0.01640625
1 0.3140625 0.3203125 0.03515625 0.0390625
0 0.3140625 0.321875 0.01484375 0.01640625
1 0.353125 0.39375 0.0359375 0.0390625
0 0.35234375 0.3953125 0.0140625 0.01640625
1 0.38359375 0.27109375 0.04921875 0.05390625
0 0.38359375 0.2734375 0.02890625 0.03203125
0 0.346875 0.2046875 0.01484375 0.01640625
0 0.415625 0.15625 0.01484375 0.015625
1 0.45390625 0.2234375 0.0359375 0.03828125
0 0.453125 0.2265625 0.01484375 0.01640625
0 0.48359375 0.10859375 0.01484375 0.01640625
0 0.521875 0.17734375 0.01484375 0.01640625
1 0.5609375 0.2453125 0.04921875 0.0546875
0 0.5609375 0.2484375 0.02890625 0.03125
1 0.6 0.31796875 0.05 0.05546875
0 0.60078125 0.3203125 0.028125 0.03046875
1 0.64140625 0.39140625 0.034375 0.0390625
0 0.64140625 0.39375 0.01328125 0.0140625
1 0.6828125 0.46640625 0.0359375 0.03984375
0 0.68203125 0.46796875 0.0125 0.0140625
1 0.6109375 0.51796875 0.03359375 0.03671875
0 0.6109375 0.51953125 0.0125 0.0140625
1 0.653125 0.59453125 0.0328125 0.03828125
0 0.65234375 0.59609375 0.0125 0.01328125
1 0.58203125 0.64609375 0.04765625 0.05546875
0 0.58046875 0.64765625 0.02578125 0.02890625
1 0.5078125 0.69921875 0.0328125 0.0375
0 0.50703125 0.70078125 0.0109375 0.01171875
1 0.46953125 0.6171875 0.03359375 0.03984375
0 0.46953125 0.6203125 0.0109375 0.01171875
1 0.4296875 0.5421875 0.034375 0.03984375
0 0.4296875 0.54453125 0.0125 0.01328125
0 0.55078125 0.0609375 0.01484375 0.01640625
1 0.390625 0.4671875 0.0484375 0.0546875
0 0.38984375 0.46953125 0.02734375 0.03125
0 0.58984375 0.1296875 0.015625 0.015625
0 0.6296875 0.19921875 0.01640625 0.01640625
0 0.66953125 0.27109375 0.015625 0.0171875
1 0.7109375 0.340625 0.0359375 0.03984375
0 0.71015625 0.34375 0.015625 0.0171875
0 0.75234375 0.4171875 0.015625 0.0171875
1 0.7953125 0.48984375 0.03671875 0.04296875
0 0.7953125 0.49296875 0.015625 0.0171875
1 0.72421875 0.5421875 0.0359375 0.04453125
0 0.7234375 0.54453125 0.01328125 0.015625
1 0.42265625 0.34375 0.0359375 0.03984375
0 0.42265625 0.34609375 0.015625 0.0171875
1 0.4921875 0.29453125 0.0359375 0.0390625
0 0.4921875 0.296875 0.015625 0.0171875
1 0.53046875 0.3671875 0.03671875 0.03984375
0 0.53125 0.36953125 0.015625 0.0171875
0 0.53125 0.36953125 0.015625 0.0171875
1 0.57109375 0.44140625 0.0359375 0.0390625
0 0.57109375 0.44375 0.015625 0.0171875
1 0.5 0.49140625 0.034375 0.0390625
0 0.5 0.49453125 0.0140625 0.01640625
1 0.54140625 0.56484375 0.0328125 0.0375
0 0.540625 0.56796875 0.0140625 0.01640625
1 0.4609375 0.4171875 0.05 0.05625
0 0.4609375 0.41953125 0.02890625 0.0328125
1 0.140625 0.346875 0.03515625 0.0390625
1 0.209375 0.2984375 0.03515625 0.0390625
1 0.27890625 0.25 0.03515625 0.0390625
1 0.34765625 0.2015625 0.03515625 0.0390625
1 0.415625 0.1546875 0.03515625 0.0390625
1 0.48359375 0.10625 0.03515625 0.0390625
1 0.55078125 0.05859375 0.03515625 0.03828125
1 0.521875 0.175 0.0359375 0.03828125
1 0.58984375 0.1265625 0.0359375 0.03828125
1 0.6296875 0.196875 0.03671875 0.0390625
1 0.6703125 0.2671875 0.03671875 0.0390625
1 0.75234375 0.41484375 0.0359375 0.03984375