1 0.2109375 0.178125 0.03671875 0.04296875
0 0.21328125 0.1796875 0.015625 0.01640625
0 0.29609375 0.17578125 0.015625 0.01640625
0 0.3765625 0.1734375 0.015625 0.01640625
0 0.4578125 0.1703125 0.015625 0.01640625
0 0.5375 0.16796875 0.015625 0.01640625
0 0.615625 0.16640625 0.015625 0.01640625
1 0.5484375 0.2578125 0.0359375 0.0421875
0 0.55 0.259375 0.015625 0.01640625
0 0.30625 0.26875 0.015625 0.01640625
0 0.2234375 0.271875 0.015625 0.01640625
0 0.234375 0.3671875 0.0171875 0.01796875
0 0.24609375 0.46328125 0.0171875 0.01796875
0 0.25625 0.5609375 0.0171875 0.01796875
0 0.2671875 0.66171875 0.0171875 0.01796875
0 0.27890625 0.76328125 0.0171875 0.01796875
0 0.6296875 0.25703125 0.015625 0.01640625
0 0.7078125 0.253125 0.015625 0.01640625
0 0.69453125 0.1640625 0.015625 0.01640625
1 0.7515625 0.5328125 0.03515625 0.0453125
0 0.753125 0.53515625 0.01640625 0.01875
0 0.7234375 0.34453125 0.015625 0.01640625
0 0.76796875 0.6296875 0.01640625 0.0203125
1 0.78125 0.725 0.03671875 0.0453125
0 0.78359375 0.72734375 0.01640625 0.0203125
0 0.63984375 0.6796875 0.01640625 0.01953125
0 0.63359375 0.63046875 0.0171875 0.0203125
0 0.62734375 0.58203125 0.01640625 0.01875
0 0.62109375 0.534375 0.0171875 0.01875
0 0.61484375 0.4859375 0.0171875 0.01875
0 0.57421875 0.48671875 0.0171875 0.01875
0 0.5671875 0.43984375 0.0171875 0.01875
0 0.60859375 0.43828125 0.0171875 0.01875
0 0.60234375 0.39140625 0.01640625 0.01875
0 0.56171875 0.39296875 0.01640625 0.01875
0 0.52109375 0.39375 0.01640625 0.01875
0 0.43828125 0.39609375 0.01640625 0.01875
0 0.39609375 0.396875 0.01640625 0.01875
0 0.3546875 0.39765625 0.01640625 0.01875
0 0.36015625 0.4453125 0.01640625 0.01875
0 0.40234375 0.44453125 0.01640625 0.01875
0 0.44375 0.44296875 0.01640625 0.01875
0 0.4859375 0.4421875 0.01640625 0.01875
0 0.5265625 0.440625 0.01640625 0.01875
0 0.5328125 0.48828125 0.01640625 0.01875
0 0.490625 0.48984375 0.01640625 0.01875
0 0.44921875 0.490625 0.01640625 0.01875
0 0.4078125 0.4921875 0.01640625 0.01875
0 0.365625 0.49375 0.01640625 0.01875
0 0.3703125 0.54296875 0.01640625 0.01875
0 0.37578125 0.59140625 0.01640625 0.01875
0 0.38125 0.640625 0.01640625 0.01875
0 0.38671875 0.690625 0.01640625 0.01875
0 0.4296875 0.68984375 0.01640625 0.01875
0 0.47265625 0.68671875 0.01640625 0.01875
0 0.51484375 0.684375 0.01640625 0.01875
0 0.55703125 0.68359375 0.01640625 0.01875
0 0.5984375 0.68125 0.01640625 0.01875
0 0.5921875 0.63203125 0.01640625 0.01875
0 0.5859375 0.58359375 0.01640625 0.01875
0 0.5796875 0.53515625 0.01640625 0.01875
0 0.54453125 0.58515625 0.01640625 0.01875
0 0.55078125 0.634375 0.01640625 0.01875
0 0.4671875 0.63828125 0.01640625 0.01875
0 0.42421875 0.63984375 0.01640625 0.01875
0 0.4609375 0.58828125 0.01640625 0.01875
0 0.503125 0.58671875 0.01640625 0.01875
0 0.4546875 0.53984375 0.01640625 0.01875
0 0.496875 0.53828125 0.03203125 0.0359375
0 0.53828125 0.5359375 0.03203125 0.0359375
0 0.41328125 0.540625 0.03203125 0.0359375
0 0.41796875 0.58984375 0.03203125 0.03671875
0 0.4796875 0.3953125 0.03203125 0.03671875
0 0.4703125 0.2625 0.03046875 0.0359375
0 0.3890625 0.26640625 0.03046875 0.0359375
1 0.7359375 0.43671875 0.04921875 0.0609375
0 0.7375 0.4375 0.03125 0.0359375
0 0.50859375 0.63671875 0.03203125 0.03828125
1 0.29296875 0.17578125 0.03671875 0.04296875
1 0.37421875 0.171875 0.03671875 0.04296875
1 0.4546875 0.16875 0.03671875 0.04296875
1 0.534375 0.1671875 0.03671875 0.04296875
1 0.22109375 0.27109375 0.03671875 0.04296875
1 0.3046875 0.26796875 0.03671875 0.04296875
1 0.38671875 0.26484375 0.04921875 0.059375
1 0.4671875 0.2625 0.04921875 0.059375
1 0.23203125 0.365625 0.0390625 0.04453125
1 0.24375 0.4625 0.0390625 0.04453125
1 0.2546875 0.5609375 0.03828125 0.04609375
1 0.2640625 0.6609375 0.0390625 0.04609375
1 0.2765625 0.7625 0.03984375 0.04765625
1 0.62734375 0.2546875 0.0359375 0.0421875
1 0.61328125 0.1640625 0.0359375 0.0421875
1 0.6921875 0.1609375 0.0359375 0.0421875
1 0.70625 0.25078125 0.0359375 0.0421875
1 0.72109375 0.34296875 0.0359375 0.0421875
1 0.765625 0.6265625 0.0359375 0.04453125