1 0.0828125 0.4140625 0.03828125 0.04609375
0 0.08515625 0.415625 0.015625 0.01640625
1 0.1390625 0.35078125 0.0375 0.04375
0 0.140625 0.353125 0.015625 0.01875
1 0.1953125 0.2890625 0.0375 0.04375
0 0.19609375 0.2921875 0.01640625 0.01875
1 0.2484375 0.22890625 0.0375 0.0421875
0 0.24921875 0.23203125 0.01640625 0.01796875
1 0.3109375 0.3 0.05078125 0.05859375
0 0.3109375 0.30234375 0.03046875 0.034375
1 0.2578125 0.3609375 0.0375 0.04296875
0 0.25859375 0.36328125 0.01328125 0.01640625
1 0.27109375 0.49921875 0.03671875 0.04375
0 0.271875 0.5015625 0.0125 0.01484375
1 0.32421875 0.4359375 0.0359375 0.04296875
0 0.32421875 0.4375 0.01484375 0.01640625
1 0.3 0.16953125 0.0359375 0.0421875
0 0.3015625 0.17265625 0.01484375 0.01796875
1 0.35078125 0.11171875 0.0359375 0.040625
0 0.35234375 0.11484375 0.0140625 0.0171875
1 0.3625 0.240625 0.0359375 0.04296875
0 0.3640625 0.24296875 0.01484375 0.01796875
1 0.40078125 0.0546875 0.034375 0.040625
0 0.4015625 0.059375 0.0125 0.01484375
1 0.41328125 0.18203125 0.034375 0.03984375
0 0.4140625 0.184375 0.0140625 0.01640625
1 0.4625 0.125 0.03515625 0.03984375
0 0.46328125 0.12734375 0.01328125 0.015625
1 0.42578125 0.31171875 0.0375 0.04140625
0 0.42734375 0.31484375 0.015625 0.01796875
1 0.37578125 0.37265625 0.03671875 0.04296875
0 0.3765625 0.375 0.01484375 0.01796875
1 0.43984375 0.4453125 0.05078125 0.06015625
0 0.43984375 0.44765625 0.0296875 0.03515625
1 0.38828125 0.50859375 0.05078125 0.0609375
0 0.3890625 0.5109375 0.02890625 0.03359375
1 0.45234375 0.58125 0.0375 0.04375
0 0.45390625 0.584375 0.01328125 0.01640625
1 0.40078125 0.64609375 0.034375 0.04140625
0 0.40078125 0.64921875 0.0125 0.01484375
1 0.4671875 0.72421875 0.03515625 0.04453125
0 0.4671875 0.72578125 0.0125 0.015625
1 0.203125 0.42421875 0.0375 0.04296875
0 0.2046875 0.42578125 0.01328125 0.01640625
1 0.15 0.48984375 0.0359375 0.04453125
0 0.15078125 0.490625 0.0125 0.0140625
1 0.21640625 0.56484375 0.03515625 0.04453125
0 0.2171875 0.5671875 0.0125 0.0140625
1 0.28125 0.64140625 0.03515625 0.04375
0 0.2828125 0.6421875 0.0125 0.0140625
1 0.3359375 0.5734375 0.0359375 0.04375
0 0.33671875 0.57578125 0.0140625 0.01640625
1 0.47578125 0.25234375 0.0484375 0.0578125
0 0.4765625 0.25546875 0.02890625 0.03359375
1 0.4890625 0.3828125 0.0359375 0.0421875
0 0.490625 0.3859375 0.01484375 0.01796875
1 0.5375 0.32265625 0.04921875 0.0578125
0 0.5390625 0.32578125 0.02890625 0.03359375
1 0.50390625 0.51796875 0.0359375 0.04296875
0 0.5046875 0.52109375 0.015625 0.01796875
1 0.553125 0.4546875 0.0359375 0.04296875
0 0.55390625 0.45859375 0.015625 0.01875
1 0.5671875 0.58828125 0.03671875 0.04375
0 0.5671875 0.590625 0.015625 0.01875
1 0.51796875 0.65390625 0.0359375 0.0421875
0 0.51796875 0.65625 0.01484375 0.01875
1 0.63125 0.66328125 0.05078125 0.0609375
0 0.63203125 0.66640625 0.02890625 0.0359375
1 0.6796875 0.5984375 0.03515625 0.04375
0 0.6796875 0.6015625 0.01484375 0.01875
1 0.725 0.53515625 0.034375 0.0421875
0 0.7265625 0.53828125 0.01484375 0.01875
1 0.61484375 0.5265625 0.0359375 0.04375
0 0.61640625 0.5296875 0.015625 0.01875
1 0.60078125 0.39375 0.0359375 0.04140625
0 0.6015625 0.396875 0.015625 0.01796875
1 0.58515625 0.26328125 0.034375 0.03984375
0 0.5859375 0.2671875 0.0125 0.01640625
1 0.646875 0.33359375 0.034375 0.0421875
0 0.6484375 0.33671875 0.0140625 0.0171875
1 0.52421875 0.19453125 0.034375 0.040625
0 0.525 0.196875 0.0140625 0.01640625
1 0.66328125 0.46484375 0.0359375 0.04296875
0 0.6640625 0.4671875 0.01484375 0.0171875
1 0.709375 0.40390625 0.034375 0.04140625
0 0.709375 0.40703125 0.0125 0.01640625
1 0.77109375 0.4734375 0.034375 0.04140625
0 0.771875 0.4765625 0.01328125 0.01640625
1 0.58125 0.73125 0.0359375 0.04609375
0 0.58125 0.7328125 0.01484375 0.01875
1 0.5328125 0.79765625 0.03359375 0.04453125
0 0.5328125 0.80078125 0.01328125 0.01875
1 0.3484375 0.7171875 0.03515625 0.04296875
0 0.3484375 0.71875 0.01484375 0.01640625