1 0.52578125 0.4046875 0.184375 0.21328125
1 0.59609375 0.81875 0.13203125 0.1609375
1 0.228125 0.83671875 0.13984375 0.1671875
1 0.17265625 0.40625 0.13203125 0.15234375
1 0.12109375 0.04140625 0.12890625 0.0828125
1 0.46171875 0.0453125 0.121875 0.090625
0 0.171875 0.41015625 0.06640625 0.07578125
0 0.52578125 0.40859375 0.12578125 0.14296875
0 0.5953125 0.82421875 0.0671875 0.08046875
0 0.22578125 0.83828125 0.06953125 0.0828125
0 0.1203125 0.0265625 0.065625 0.0484375
0 0.4625 0.0296875 0.0625 0.059375