1 0.821875 0.7890625 0.04375 0.0359375
0 0.8203125 0.78671875 0.015625 0.015625
0 0.82421875 0.70390625 0.015625 0.015625
0 0.8265625 0.6234375 0.015625 0.015625
0 0.8296875 0.5421875 0.015625 0.015625
0 0.83203125 0.4625 0.015625 0.015625
0 0.83359375 0.384375 0.015625 0.015625
1 0.7421875 0.4515625 0.0421875 0.0359375
0 0.740625 0.45 0.015625 0.015625
0 0.73125 0.69375 0.015625 0.015625
0 0.728125 0.7765625 0.015625 0.015625
0 0.6328125 0.765625 0.01875 0.0171875
0 0.53671875 0.75390625 0.01875 0.0171875
0 0.4390625 0.74375 0.01875 0.0171875
0 0.33828125 0.7328125 0.01875 0.0171875
0 0.23671875 0.72109375 0.01875 0.0171875
0 0.74296875 0.3703125 0.015625 0.015625
0 0.746875 0.2921875 0.015625 0.015625
0 0.8359375 0.30546875 0.015625 0.015625
1 0.4671875 0.2484375 0.0453125 0.034375
0 0.46484375 0.246875 0.01875 0.015625
0 0.65546875 0.2765625 0.015625 0.015625
0 0.3703125 0.23203125 0.0203125 0.015625
1 0.275 0.21875 0.0453125 0.0375
0 0.27265625 0.21640625 0.0203125 0.015625
0 0.3203125 0.36015625 0.01875 0.015625
0 0.36953125 0.36640625 0.0203125 0.0171875
0 0.41796875 0.37265625 0.01875 0.015625
0 0.465625 0.37890625 0.01875 0.0171875
0 0.5140625 0.38515625 0.01875 0.0171875
0 0.51328125 0.42578125 0.01875 0.0171875
0 0.56015625 0.4328125 0.01875 0.0171875
0 0.56171875 0.39140625 0.01875 0.0171875
0 0.60859375 0.39765625 0.01875 0.015625
0 0.60703125 0.43828125 0.01875 0.015625
0 0.60625 0.47890625 0.01875 0.015625
0 0.60390625 0.56171875 0.01875 0.015625
0 0.603125 0.60390625 0.01875 0.015625
0 0.60234375 0.6453125 0.01875 0.015625
0 0.5546875 0.63984375 0.01875 0.015625
0 0.55546875 0.59765625 0.01875 0.015625
0 0.55703125 0.55625 0.01875 0.015625
0 0.5578125 0.5140625 0.01875 0.015625
0 0.559375 0.4734375 0.01875 0.015625
0 0.51171875 0.4671875 0.01875 0.015625
0 0.51015625 0.509375 0.01875 0.015625
0 0.509375 0.55078125 0.01875 0.015625
0 0.5078125 0.5921875 0.01875 0.015625
0 0.50625 0.634375 0.01875 0.015625
0 0.45703125 0.6296875 0.01875 0.015625
0 0.40859375 0.62421875 0.01875 0.015625
0 0.359375 0.61875 0.01875 0.015625
0 0.309375 0.61328125 0.01875 0.015625
0 0.31015625 0.5703125 0.01875 0.015625
0 0.31328125 0.52734375 0.01875 0.015625
0 0.315625 0.48515625 0.01875 0.015625
0 0.31640625 0.44296875 0.01875 0.015625
0 0.31875 0.4015625 0.01875 0.015625
0 0.36796875 0.4078125 0.01875 0.015625
0 0.41640625 0.4140625 0.01875 0.015625
0 0.46484375 0.4203125 0.01875 0.015625
0 0.41484375 0.45546875 0.01875 0.015625
0 0.365625 0.44921875 0.01875 0.015625
0 0.36171875 0.5328125 0.01875 0.015625
0 0.36015625 0.57578125 0.01875 0.015625
0 0.41171875 0.5390625 0.01875 0.015625
0 0.41328125 0.496875 0.01875 0.015625
0 0.46015625 0.5453125 0.01875 0.015625
0 0.46171875 0.503125 0.0359375 0.03125
0 0.4640625 0.46171875 0.0359375 0.03125
0 0.459375 0.58671875 0.0359375 0.03125
0 0.41015625 0.58203125 0.0375 0.03125
0 0.6046875 0.5203125 0.0375 0.03125
0 0.7375 0.5296875 0.0359375 0.03125
0 0.73359375 0.6109375 0.0359375 0.03125
1 0.56328125 0.2640625 0.0609375 0.05
0 0.5625 0.2625 0.0359375 0.03125
0 0.36328125 0.49140625 0.0375 0.03125
1 0.82421875 0.70703125 0.04375 0.0375
1 0.828125 0.62578125 0.04375 0.0375
1 0.83125 0.5453125 0.04375 0.0375
1 0.8328125 0.465625 0.04375 0.0375
1 0.72890625 0.77890625 0.04375 0.0375
1 0.73203125 0.6953125 0.04375 0.0375
1 0.73515625 0.61328125 0.059375 0.05
1 0.7375 0.5328125 0.059375 0.05
1 0.634375 0.76796875 0.04375 0.0390625
1 0.5375 0.75625 0.04375 0.0390625
1 0.4390625 0.7453125 0.046875 0.0375
1 0.3390625 0.7359375 0.046875 0.0390625
1 0.2375 0.7234375 0.046875 0.040625
1 0.7453125 0.37265625 0.0421875 0.0359375
1 0.8359375 0.38671875 0.0421875 0.0359375
1 0.8390625 0.3078125 0.0421875 0.0359375
1 0.74921875 0.29375 0.0421875 0.0359375
1 0.65703125 0.27890625 0.0421875 0.0359375
1 0.3734375 0.234375 0.04375 0.0359375