1 0.11015625 0.16953125 0.0375 0.04609375
0 0.11328125 0.171875 0.015625 0.01875
0 0.1921875 0.1703125 0.015625 0.01875
0 0.26953125 0.16953125 0.015625 0.01875
0 0.34453125 0.16796875 0.015625 0.01875
0 0.41796875 0.16796875 0.015625 0.01875
0 0.48984375 0.16640625 0.0140625 0.01875
0 0.4390625 0.259375 0.0140625 0.01875
0 0.46015625 0.353125 0.0140625 0.01875
0 0.3859375 0.35625 0.015625 0.01875
0 0.31015625 0.359375 0.01640625 0.01953125
0 0.2328125 0.36328125 0.01640625 0.01953125
0 0.153125 0.36640625 0.01640625 0.01953125
0 0.1328125 0.26796875 0.01640625 0.01953125
0 0.21171875 0.26640625 0.01640625 0.01953125
0 0.28984375 0.26328125 0.0296875 0.0359375
0 0.365625 0.26171875 0.0296875 0.0359375
0 0.4078125 0.45234375 0.0296875 0.0359375
0 0.2515625 0.46171875 0.0296875 0.0359375
0 0.42890625 0.55 0.0296875 0.0359375
0 0.6265625 0.44140625 0.0296875 0.0359375
0 0.56015625 0.165625 0.0140625 0.01875
0 0.5109375 0.2578125 0.0140625 0.01875
0 0.58203125 0.25546875 0.0140625 0.01875
0 0.5328125 0.35078125 0.0140625 0.01875
0 0.60390625 0.34765625 0.0140625 0.01875
0 0.57578125 0.5390625 0.0140625 0.01875
0 0.553125 0.44296875 0.0140625 0.01875
0 0.48203125 0.44921875 0.0140625 0.01875
0 0.50390625 0.54453125 0.0140625 0.01875
0 0.64921875 0.5375 0.0140625 0.01875
0 0.671875 0.63125 0.015625 0.01875
0 0.6 0.6375 0.015625 0.01953125
0 0.62265625 0.7359375 0.015625 0.01953125
0 0.6 0.6375 0.015625 0.01953125
0 0.6953125 0.72890625 0.015625 0.01953125
0 0.54921875 0.74296875 0.015625 0.01953125
0 0.525 0.64296875 0.015625 0.01953125
0 0.4515625 0.64921875 0.015625 0.01953125
0 0.47265625 0.75 0.015625 0.01953125
0 0.3953125 0.75859375 0.015625 0.01953125
0 0.3734375 0.65703125 0.015625 0.01953125
0 0.29375 0.6640625 0.015625 0.01953125
0 0.35234375 0.55546875 0.015625 0.01953125
0 0.271875 0.5625 0.015625 0.01953125
0 0.19375 0.56796875 0.015625 0.01953125
0 0.21328125 0.66953125 0.015625 0.01953125
0 0.23515625 0.77421875 0.015625 0.01953125
0 0.33125 0.45703125 0.01640625 0.01953125
0 0.1734375 0.465625 0.01640625 0.01953125
0 0.31640625 0.76484375 0.01640625 0.01953125
1 0.18984375 0.16875 0.0375 0.04609375
1 0.26640625 0.1671875 0.03671875 0.04375
1 0.3421875 0.1671875 0.03671875 0.04375
1 0.415625 0.16484375 0.034375 0.0421875
1 0.4875 0.1640625 0.034375 0.0421875
1 0.55859375 0.16328125 0.034375 0.0421875
1 0.50859375 0.25625 0.034375 0.0421875
1 0.43671875 0.2578125 0.034375 0.0421875
1 0.13046875 0.2671875 0.03671875 0.04609375
1 0.209375 0.26484375 0.03515625 0.04453125
1 0.15 0.36484375 0.0390625 0.046875
1 0.2296875 0.3609375 0.0390625 0.046875
1 0.30625 0.35859375 0.03671875 0.04453125
1 0.38359375 0.3546875 0.034375 0.04453125
1 0.4578125 0.35078125 0.034375 0.04453125
1 0.53125 0.34921875 0.034375 0.04375
1 0.60234375 0.34609375 0.034375 0.04375
1 0.58046875 0.25390625 0.034375 0.04375
1 0.1703125 0.4640625 0.03984375 0.05078125
1 0.24921875 0.459375 0.0515625 0.065625
1 0.4265625 0.55 0.04921875 0.0640625
1 0.4046875 0.45234375 0.04921875 0.0640625
1 0.62421875 0.43984375 0.04765625 0.06015625
1 0.28671875 0.26171875 0.04921875 0.06015625
1 0.3625 0.26015625 0.0484375 0.05859375
1 0.32890625 0.4546875 0.03671875 0.04453125
1 0.4796875 0.44765625 0.034375 0.04453125
1 0.55078125 0.44140625 0.034375 0.04453125
1 0.5015625 0.54375 0.034375 0.04453125
1 0.57421875 0.53671875 0.034375 0.04453125
1 0.6484375 0.5359375 0.034375 0.04453125
1 0.5984375 0.6359375 0.034375 0.04453125
1 0.67109375 0.6296875 0.034375 0.04453125
1 0.546875 0.7421875 0.034375 0.046875
1 0.62109375 0.734375 0.034375 0.04453125
1 0.52265625 0.64140625 0.034375 0.046875
1 0.44921875 0.64921875 0.034375 0.046875
1 0.37109375 0.65390625 0.0359375 0.04765625
1 0.35 0.5546875 0.0359375 0.04765625
1 0.26953125 0.5609375 0.0359375 0.04765625
1 0.19140625 0.56640625 0.0359375 0.04765625
1 0.2125 0.66875 0.0359375 0.04765625
1 0.23359375 0.77421875 0.0359375 0.04765625
1 0.315625 0.76484375 0.0359375 0.04765625
1 0.39375 0.75625 0.0359375 0.04765625
1 0.47109375 0.75 0.0359375 0.04765625
1 0.69375 0.728125 0.034375 0.04453125
1 0.29140625 0.66328125 0.0359375 0.04765625