1 0.5859375 0.0828125 0.046875 0.0375
0 0.584375 0.08515625 0.015625 0.015625
1 0.64921875 0.1390625 0.04375 0.0375
0 0.646875 0.140625 0.01875 0.015625
1 0.7109375 0.1953125 0.04375 0.0375
0 0.7078125 0.19609375 0.01875 0.015625
1 0.77109375 0.2484375 0.0421875 0.0375
0 0.76796875 0.24921875 0.01875 0.015625
1 0.7 0.3109375 0.059375 0.05
0 0.69765625 0.3109375 0.034375 0.03125
1 0.6390625 0.2578125 0.04375 0.0375
0 0.63671875 0.25859375 0.015625 0.0125
1 0.50078125 0.27109375 0.04375 0.0375
0 0.4984375 0.271875 0.015625 0.0125
1 0.5640625 0.32421875 0.04375 0.0359375
0 0.5625 0.32421875 0.015625 0.015625
1 0.83046875 0.3 0.0421875 0.0359375
0 0.82734375 0.3015625 0.01875 0.015625
1 0.88828125 0.35078125 0.040625 0.0359375
0 0.88515625 0.35234375 0.0171875 0.0140625
1 0.759375 0.3625 0.04375 0.0359375
0 0.75703125 0.3640625 0.01875 0.015625
1 0.9453125 0.40078125 0.040625 0.034375
0 0.940625 0.4015625 0.015625 0.0125
1 0.81796875 0.41328125 0.040625 0.034375
0 0.815625 0.4140625 0.015625 0.0140625
1 0.875 0.4625 0.040625 0.034375
0 0.87265625 0.46328125 0.015625 0.0125
1 0.68828125 0.42578125 0.040625 0.0375
0 0.68515625 0.42734375 0.01875 0.015625
1 0.62734375 0.37578125 0.04375 0.0375
0 0.625 0.3765625 0.01875 0.015625
1 0.5546875 0.43984375 0.059375 0.05
0 0.55234375 0.43984375 0.034375 0.0296875
1 0.49140625 0.38828125 0.0609375 0.05
0 0.4890625 0.3890625 0.034375 0.028125
1 0.41875 0.45234375 0.04375 0.0375
0 0.415625 0.45390625 0.015625 0.0125
1 0.35390625 0.40078125 0.040625 0.034375
0 0.35078125 0.40078125 0.015625 0.0125
1 0.27578125 0.4671875 0.04375 0.034375
0 0.27421875 0.4671875 0.015625 0.0125
1 0.57578125 0.203125 0.04375 0.0375
0 0.57421875 0.2046875 0.015625 0.0125
1 0.51015625 0.15 0.04375 0.0359375
0 0.509375 0.15078125 0.0140625 0.0125
1 0.43515625 0.21640625 0.04375 0.034375
0 0.4328125 0.2171875 0.0140625 0.0125
1 0.35859375 0.28125 0.04375 0.034375
0 0.3578125 0.2828125 0.0140625 0.0125
1 0.4265625 0.3359375 0.04375 0.0359375
0 0.42421875 0.33671875 0.015625 0.0140625
1 0.74765625 0.47578125 0.0578125 0.0484375
0 0.74453125 0.4765625 0.034375 0.028125
1 0.6171875 0.4890625 0.0421875 0.0359375
0 0.6140625 0.490625 0.01875 0.015625
1 0.67734375 0.5375 0.0578125 0.05
0 0.67421875 0.5390625 0.034375 0.028125
1 0.48203125 0.50390625 0.04375 0.0359375
0 0.47890625 0.5046875 0.01875 0.015625
1 0.5453125 0.553125 0.04375 0.0359375
0 0.54140625 0.55390625 0.01875 0.015625
1 0.41171875 0.5671875 0.04375 0.0375
0 0.409375 0.5671875 0.01875 0.015625
1 0.34609375 0.51796875 0.0421875 0.0359375
0 0.34375 0.51796875 0.01875 0.015625
1 0.33671875 0.63125 0.0609375 0.05
0 0.33359375 0.63203125 0.0359375 0.028125
1 0.4015625 0.6796875 0.04375 0.034375
0 0.3984375 0.6796875 0.01875 0.015625
1 0.46484375 0.725 0.0421875 0.034375
0 0.46171875 0.7265625 0.01875 0.015625
1 0.4734375 0.61484375 0.04375 0.0359375
0 0.4703125 0.61640625 0.01875 0.015625
1 0.60625 0.60078125 0.040625 0.0359375
0 0.603125 0.6015625 0.01875 0.015625
1 0.73671875 0.58515625 0.040625 0.034375
0 0.7328125 0.5859375 0.015625 0.0125
1 0.66640625 0.646875 0.0421875 0.034375
0 0.66328125 0.6484375 0.0171875 0.0140625
1 0.80546875 0.52421875 0.040625 0.034375
0 0.803125 0.525 0.015625 0.0140625
1 0.53515625 0.66328125 0.04375 0.0359375
0 0.5328125 0.6640625 0.0171875 0.015625
1 0.59609375 0.709375 0.040625 0.034375
0 0.59296875 0.709375 0.015625 0.0125
1 0.5265625 0.77109375 0.040625 0.034375
0 0.5234375 0.771875 0.015625 0.0125
1 0.26875 0.58125 0.046875 0.0359375
0 0.2671875 0.58125 0.01875 0.015625
1 0.20234375 0.5328125 0.04375 0.034375
0 0.19921875 0.5328125 0.01875 0.0125
1 0.2828125 0.3484375 0.04375 0.034375
0 0.28125 0.3484375 0.015625 0.015625