0 0.0375 0.9578125 0.0171875 0.025
0 0.0375 0.91015625 0.0171875 0.025
0 0.0375 0.86171875 0.0171875 0.025
0 0.0375 0.81484375 0.0171875 0.025
0 0.0375 0.76640625 0.0171875 0.025
0 0.0375 0.71953125 0.0171875 0.025
0 0.0375 0.67109375 0.0171875 0.025
0 0.0375 0.62421875 0.0171875 0.025
0 0.0375 0.5765625 0.0171875 0.025
0 0.0375 0.528125 0.0171875 0.025
0 0.0375 0.48125 0.0171875 0.025
0 0.0375 0.43359375 0.0171875 0.025
0 0.0375 0.3859375 0.0171875 0.025
0 0.0375 0.33828125 0.0171875 0.025
0 0.0375 0.290625 0.0171875 0.025
0 0.0375 0.24296875 0.0171875 0.025
0 0.0375 0.1953125 0.0171875 0.025
0 0.0375 0.1484375 0.0171875 0.025
0 0.0375 0.10078125 0.0171875 0.025
0 0.0375 0.05234375 0.0171875 0.025
0 0.07109375 0.053125 0.0171875 0.025
0 0.07109375 0.10078125 0.0171875 0.025
0 0.071875 0.1484375 0.0171875 0.025
0 0.07109375 0.1953125 0.0171875 0.025
0 0.07109375 0.24296875 0.0171875 0.025
0 0.07109375 0.290625 0.0171875 0.025
0 0.07109375 0.33828125 0.0171875 0.025
0 0.07109375 0.3859375 0.0171875 0.025
0 0.07109375 0.43359375 0.0171875 0.025
0 0.07109375 0.48125 0.0171875 0.025
0 0.07109375 0.528125 0.0171875 0.025
0 0.07109375 0.5765625 0.0171875 0.025
0 0.071875 0.62421875 0.0171875 0.025
0 0.07109375 0.671875 0.0171875 0.025
0 0.07109375 0.71953125 0.0171875 0.025
0 0.07109375 0.7671875 0.0171875 0.025
0 0.07109375 0.8140625 0.0171875 0.025
0 0.07109375 0.86171875 0.0171875 0.025
0 0.07109375 0.91015625 0.0171875 0.025
0 0.07109375 0.95703125 0.0171875 0.025
0 0.1046875 0.9578125 0.0171875 0.025
0 0.1046875 0.91015625 0.0171875 0.025
0 0.1046875 0.86171875 0.0171875 0.025
0 0.1046875 0.8140625 0.0171875 0.025
0 0.1046875 0.7671875 0.0171875 0.025
0 0.1046875 0.71953125 0.0171875 0.025
0 0.1046875 0.671875 0.0171875 0.025
0 0.1046875 0.62421875 0.0171875 0.025
0 0.1046875 0.5765625 0.0171875 0.025
0 0.1046875 0.52890625 0.0171875 0.025
0 0.1046875 0.48125 0.0171875 0.025
0 0.1046875 0.43359375 0.0171875 0.025
0 0.1046875 0.3859375 0.0171875 0.025
0 0.1046875 0.33828125 0.0171875 0.025
0 0.1046875 0.290625 0.0171875 0.025
0 0.1046875 0.24296875 0.0171875 0.025
0 0.1046875 0.1953125 0.0171875 0.025
0 0.1046875 0.14765625 0.0171875 0.025
0 0.1046875 0.1 0.0171875 0.025
0 0.1046875 0.05234375 0.0171875 0.025
0 0.13828125 0.05234375 0.0171875 0.025
0 0.1390625 0.1 0.0171875 0.025
0 0.13828125 0.14765625 0.0171875 0.025
0 0.13828125 0.1953125 0.0171875 0.025
0 0.13828125 0.24296875 0.0171875 0.025
0 0.13828125 0.290625 0.0171875 0.025
0 0.13828125 0.33828125 0.0171875 0.025
0 0.13828125 0.3859375 0.0171875 0.025
0 0.13828125 0.43359375 0.0171875 0.025
0 0.13828125 0.48125 0.0171875 0.025
0 0.13828125 0.528125 0.0171875 0.025
0 0.13828125 0.5765625 0.0171875 0.025
0 0.13828125 0.62421875 0.0171875 0.025
0 0.171875 0.62421875 0.0171875 0.025
0 0.171875 0.5765625 0.0171875 0.025
0 0.171875 0.52890625 0.0171875 0.025
0 0.171875 0.48125 0.0171875 0.025
0 0.171875 0.43359375 0.0171875 0.025
0 0.171875 0.3859375 0.0171875 0.025
0 0.171875 0.33828125 0.0171875 0.025
0 0.171875 0.290625 0.0171875 0.025
0 0.171875 0.24296875 0.0171875 0.025
0 0.171875 0.1953125 0.0171875 0.025
0 0.171875 0.14765625 0.0171875 0.025
0 0.171875 0.10078125 0.0171875 0.025
0 0.171875 0.05234375 0.0171875 0.025
0 0.20546875 0.05234375 0.0171875 0.025
0 0.20546875 0.10078125 0.0171875 0.025
0 0.20546875 0.14765625 0.0171875 0.025
0 0.20546875 0.1953125 0.0171875 0.025
0 0.20546875 0.24296875 0.0171875 0.025
0 0.20546875 0.290625 0.0171875 0.025
0 0.20546875 0.33828125 0.0171875 0.025
0 0.20625 0.3859375 0.0171875 0.025
0 0.20625 0.43359375 0.0171875 0.025
0 0.20546875 0.48125 0.0171875 0.025
0 0.20546875 0.528125 0.0171875 0.025
0 0.20546875 0.5765625 0.0171875 0.025
0 0.20625 0.62421875 0.0171875 0.025
0 0.23984375 0.62421875 0.0171875 0.025
0 0.23984375 0.5765625 0.0171875 0.025
0 0.23984375 0.528125 0.0171875 0.025
0 0.23984375 0.48125 0.0171875 0.025
0 0.23984375 0.43359375 0.0171875 0.025
0 0.23984375 0.3859375 0.0171875 0.025
0 0.23984375 0.33828125 0.0171875 0.025
0 0.23984375 0.290625 0.0171875 0.025
0 0.23984375 0.24296875 0.0171875 0.025
0 0.23984375 0.1953125 0.0171875 0.025
0 0.23984375 0.14765625 0.0171875 0.025
0 0.23984375 0.10078125 0.0171875 0.025
0 0.23984375 0.05234375 0.0171875 0.025
0 0.2734375 0.05234375 0.0171875 0.025
0 0.2734375 0.10078125 0.0171875 0.025
0 0.2734375 0.14765625 0.0171875 0.025
0 0.2734375 0.1953125 0.0171875 0.025
0 0.2734375 0.24296875 0.0171875 0.025
0 0.27265625 0.290625 0.0171875 0.025
0 0.2734375 0.33828125 0.0171875 0.025
0 0.2734375 0.3859375 0.0171875 0.025
0 0.2734375 0.43359375 0.0171875 0.025
0 0.2734375 0.48125 0.0171875 0.025
0 0.2734375 0.528125 0.0171875 0.025
0 0.2734375 0.5765625 0.0171875 0.025
0 0.2734375 0.62421875 0.0171875 0.025
0 0.30703125 0.62421875 0.0171875 0.025
0 0.30703125 0.5765625 0.0171875 0.025
0 0.30703125 0.528125 0.0171875 0.025
0 0.30703125 0.48046875 0.0171875 0.025
0 0.30703125 0.43359375 0.0171875 0.025
0 0.30703125 0.3859375 0.0171875 0.025
0 0.30703125 0.33828125 0.0171875 0.025
0 0.30703125 0.33828125 0.0171875 0.025
0 0.30703125 0.290625 0.0171875 0.025
0 0.30703125 0.24296875 0.0171875 0.025
0 0.30703125 0.1953125 0.0171875 0.025
0 0.30703125 0.14765625 0.0171875 0.025
0 0.30703125 0.1 0.0171875 0.025
0 0.30703125 0.05234375 0.0171875 0.025
0 0.340625 0.05234375 0.0171875 0.025
0 0.340625 0.10078125 0.0171875 0.025
0 0.340625 0.14765625 0.0171875 0.025
0 0.340625 0.1953125 0.0171875 0.025
0 0.340625 0.24296875 0.0171875 0.025
0 0.340625 0.290625 0.0171875 0.025
0 0.340625 0.33828125 0.0171875 0.025
0 0.340625 0.3859375 0.0171875 0.025
0 0.340625 0.43359375 0.0171875 0.025
0 0.340625 0.48125 0.0171875 0.025
0 0.340625 0.528125 0.0171875 0.025
0 0.340625 0.5765625 0.0171875 0.025
0 0.340625 0.62421875 0.0171875 0.025
0 0.37421875 0.62421875 0.0171875 0.025
0 0.37421875 0.5765625 0.0171875 0.025
0 0.37421875 0.52890625 0.0171875 0.025
0 0.37421875 0.48125 0.0171875 0.025
0 0.37421875 0.43359375 0.0171875 0.025
0 0.37421875 0.3859375 0.0171875 0.025
0 0.37421875 0.33828125 0.0171875 0.025
0 0.37421875 0.290625 0.0171875 0.025
0 0.37421875 0.24296875 0.0171875 0.025
0 0.37421875 0.1953125 0.0171875 0.025
0 0.37421875 0.14765625 0.0171875 0.025
0 0.37421875 0.10078125 0.0171875 0.025
0 0.37421875 0.05234375 0.0171875 0.025
0 0.37421875 0.05234375 0.0171875 0.025
0 0.4078125 0.05234375 0.0171875 0.025
0 0.4078125 0.10078125 0.0171875 0.025
0 0.4078125 0.14765625 0.0171875 0.025
0 0.4078125 0.1953125 0.0171875 0.025
0 0.4078125 0.24296875 0.0171875 0.025
0 0.4078125 0.290625 0.0171875 0.025
0 0.4078125 0.33828125 0.0171875 0.025
0 0.4078125 0.3859375 0.0171875 0.025
0 0.4078125 0.43359375 0.0171875 0.025
0 0.4078125 0.48046875 0.0171875 0.025
0 0.4078125 0.528125 0.0171875 0.025
0 0.4078125 0.5765625 0.0171875 0.025
0 0.4078125 0.62421875 0.0171875 0.025
0 0.44140625 0.62421875 0.0171875 0.025
0 0.44140625 0.5765625 0.0171875 0.025
0 0.44140625 0.528125 0.0171875 0.025
0 0.44140625 0.48125 0.0171875 0.025
0 0.44140625 0.43359375 0.0171875 0.025
0 0.44140625 0.3859375 0.0171875 0.025
0 0.44140625 0.33828125 0.0171875 0.025
0 0.44140625 0.290625 0.0171875 0.025
0 0.44140625 0.24296875 0.0171875 0.025
0 0.44140625 0.1953125 0.0171875 0.025
0 0.44140625 0.1484375 0.0171875 0.025
0 0.44140625 0.1 0.0171875 0.025
0 0.44140625 0.05234375 0.0171875 0.025
0 0.475 0.05234375 0.0171875 0.025
0 0.475 0.10078125 0.0171875 0.025
0 0.475 0.14765625 0.0171875 0.025
0 0.475 0.1953125 0.0171875 0.025
0 0.475 0.24296875 0.0171875 0.025
0 0.475 0.290625 0.0171875 0.025
0 0.475 0.33828125 0.0171875 0.025
0 0.475 0.3859375 0.0171875 0.025
0 0.475 0.43359375 0.0171875 0.025
0 0.475 0.48125 0.0171875 0.025
0 0.475 0.528125 0.0171875 0.025
0 0.475 0.5765625 0.0171875 0.025
0 0.475 0.62421875 0.0171875 0.025
0 0.50859375 0.62421875 0.0171875 0.025
0 0.50859375 0.5765625 0.0171875 0.025
0 0.50859375 0.52890625 0.0171875 0.025
0 0.50859375 0.48125 0.0171875 0.025
0 0.50859375 0.43359375 0.0171875 0.025
0 0.50859375 0.3859375 0.0171875 0.025
0 0.50859375 0.33828125 0.0171875 0.025
0 0.50859375 0.290625 0.0171875 0.025
0 0.50859375 0.24296875 0.0171875 0.025
0 0.50859375 0.1953125 0.0171875 0.025
0 0.50859375 0.14765625 0.0171875 0.025
0 0.50859375 0.10078125 0.0171875 0.025
0 0.50859375 0.05234375 0.0171875 0.025
0 0.54296875 0.05234375 0.0171875 0.025
0 0.5421875 0.10078125 0.0171875 0.025
0 0.54296875 0.14765625 0.0171875 0.025
0 0.54296875 0.1953125 0.0171875 0.025
0 0.54296875 0.24296875 0.0171875 0.025
0 0.54296875 0.290625 0.0171875 0.025
0 0.54296875 0.3859375 0.0171875 0.025
0 0.5421875 0.33828125 0.0171875 0.025
0 0.5421875 0.43359375 0.0171875 0.025
0 0.54296875 0.48125 0.0171875 0.025
0 0.54296875 0.52890625 0.0171875 0.025
0 0.5421875 0.5765625 0.0171875 0.025
0 0.54296875 0.62421875 0.0171875 0.025
0 0.57578125 0.62421875 0.0171875 0.025
0 0.57578125 0.5765625 0.0171875 0.025
0 0.57578125 0.52890625 0.0171875 0.025
0 0.57578125 0.48046875 0.0171875 0.025
0 0.5765625 0.43359375 0.0171875 0.025
0 0.57578125 0.3859375 0.0171875 0.025
0 0.57578125 0.33828125 0.0171875 0.025
0 0.5765625 0.290625 0.0171875 0.025
0 0.5765625 0.24296875 0.0171875 0.025
0 0.57578125 0.1953125 0.0171875 0.025
0 0.57578125 0.14765625 0.0171875 0.025
0 0.57578125 0.1 0.0171875 0.025
0 0.57578125 0.05234375 0.0171875 0.025
0 0.609375 0.05234375 0.0171875 0.025
0 0.61015625 0.10078125 0.0171875 0.025
0 0.61015625 0.14765625 0.0171875 0.025
0 0.61015625 0.1953125 0.0171875 0.025
0 0.609375 0.24296875 0.0171875 0.025
0 0.61015625 0.290625 0.0171875 0.025
0 0.61015625 0.3859375 0.0171875 0.025
0 0.61015625 0.33828125 0.0171875 0.025
0 0.609375 0.43359375 0.0171875 0.025
0 0.61015625 0.48125 0.0171875 0.025
0 0.61015625 0.528125 0.0171875 0.025
0 0.61015625 0.5765625 0.0171875 0.025
0 0.61015625 0.62421875 0.0171875 0.025
0 0.64375 0.62421875 0.0171875 0.025
0 0.64296875 0.5765625 0.0171875 0.025
0 0.64296875 0.5765625 0.0171875 0.025
0 0.64296875 0.52890625 0.0171875 0.025
0 0.64375 0.48125 0.0171875 0.025
0 0.64296875 0.43359375 0.0171875 0.025
0 0.64296875 0.3859375 0.0171875 0.025
0 0.64375 0.33828125 0.0171875 0.025
0 0.64375 0.290625 0.0171875 0.025
0 0.64296875 0.24296875 0.0171875 0.025
0 0.64375 0.1953125 0.0171875 0.025
0 0.64375 0.1484375 0.0171875 0.025
0 0.64296875 0.10078125 0.0171875 0.025
0 0.64296875 0.05234375 0.0171875 0.025
0 0.67734375 0.05234375 0.0171875 0.025
0 0.67734375 0.10078125 0.0171875 0.025
0 0.67734375 0.14765625 0.0171875 0.025
0 0.67734375 0.1953125 0.0171875 0.025
0 0.67734375 0.24296875 0.0171875 0.025
0 0.67734375 0.290625 0.0171875 0.025
0 0.67734375 0.3375 0.0171875 0.025
0 0.67734375 0.3859375 0.0171875 0.025
0 0.67734375 0.43359375 0.0171875 0.025
0 0.67734375 0.48125 0.0171875 0.025
0 0.67734375 0.528125 0.0171875 0.025
0 0.67734375 0.5765625 0.0171875 0.025
0 0.67734375 0.62421875 0.0171875 0.025
0 0.7109375 0.62421875 0.0171875 0.025
0 0.7109375 0.5765625 0.0171875 0.025
0 0.7109375 0.52890625 0.0171875 0.025
0 0.7109375 0.48125 0.0171875 0.025
0 0.7109375 0.43359375 0.0171875 0.025
0 0.7109375 0.3859375 0.0171875 0.025
0 0.7109375 0.33828125 0.0171875 0.025
0 0.7109375 0.290625 0.0171875 0.025
0 0.7109375 0.24296875 0.0171875 0.025
0 0.7109375 0.1953125 0.0171875 0.025
0 0.7109375 0.14765625 0.0171875 0.025
0 0.7109375 0.10078125 0.0171875 0.025
0 0.7109375 0.05234375 0.0171875 0.025
0 0.74453125 0.05234375 0.0171875 0.025
0 0.74453125 0.10078125 0.0171875 0.025
0 0.74453125 0.14765625 0.0171875 0.025
0 0.74453125 0.1953125 0.0171875 0.025
0 0.74453125 0.24296875 0.0171875 0.025
0 0.74453125 0.290625 0.0171875 0.025
0 0.74453125 0.33828125 0.0171875 0.025
0 0.74453125 0.3859375 0.0171875 0.025
0 0.74453125 0.43359375 0.0171875 0.025
0 0.74453125 0.48125 0.0171875 0.025
0 0.74453125 0.528125 0.0171875 0.025
0 0.74453125 0.5765625 0.0171875 0.025
0 0.74453125 0.62421875 0.0171875 0.025
0 0.778125 0.62421875 0.0171875 0.025
0 0.778125 0.5765625 0.0171875 0.025
0 0.778125 0.528125 0.0171875 0.025
0 0.778125 0.48125 0.0171875 0.025
0 0.778125 0.43359375 0.0171875 0.025
0 0.778125 0.3859375 0.0171875 0.025
0 0.778125 0.33828125 0.0171875 0.025
0 0.778125 0.290625 0.0171875 0.025
0 0.778125 0.24296875 0.0171875 0.025
0 0.778125 0.1953125 0.0171875 0.025
0 0.778125 0.14765625 0.0171875 0.025
0 0.778125 0.1 0.0171875 0.025
0 0.778125 0.05234375 0.0171875 0.025
0 0.778125 0.05234375 0.0171875 0.025
0 0.81171875 0.05234375 0.0171875 0.025
0 0.81171875 0.1 0.0171875 0.025
0 0.81171875 0.14765625 0.0171875 0.025
0 0.81171875 0.1953125 0.0171875 0.025
0 0.81171875 0.24296875 0.0171875 0.025
0 0.81171875 0.290625 0.0171875 0.025
0 0.81171875 0.33828125 0.0171875 0.025
0 0.81171875 0.3859375 0.0171875 0.025
0 0.81171875 0.43359375 0.0171875 0.025
0 0.81171875 0.48125 0.0171875 0.025
0 0.81171875 0.528125 0.0171875 0.025
0 0.81171875 0.5765625 0.0171875 0.025
0 0.81171875 0.62421875 0.0171875 0.025
0 0.8453125 0.62421875 0.0171875 0.025
0 0.8453125 0.5765625 0.0171875 0.025
0 0.8453125 0.52890625 0.0171875 0.025
0 0.8453125 0.48125 0.0171875 0.025
0 0.8453125 0.43359375 0.0171875 0.025
0 0.8453125 0.3859375 0.0171875 0.025
0 0.84609375 0.33828125 0.0171875 0.025
0 0.8453125 0.290625 0.0171875 0.025
0 0.8453125 0.24296875 0.0171875 0.025
0 0.8453125 0.1953125 0.0171875 0.025
0 0.84609375 0.14765625 0.0171875 0.025
0 0.8453125 0.10078125 0.0171875 0.025
0 0.8453125 0.05234375 0.0171875 0.025
0 0.87890625 0.05234375 0.0171875 0.025
0 0.87890625 0.10078125 0.0171875 0.025
0 0.87890625 0.14765625 0.0171875 0.025
0 0.87890625 0.1953125 0.0171875 0.025
0 0.87890625 0.24296875 0.0171875 0.025
0 0.87890625 0.290625 0.0171875 0.025
0 0.87890625 0.33828125 0.0171875 0.025
0 0.87890625 0.3859375 0.0171875 0.025
0 0.87890625 0.43359375 0.0171875 0.025
0 0.87890625 0.48125 0.0171875 0.025
0 0.87890625 0.528125 0.0171875 0.025
0 0.87890625 0.5765625 0.0171875 0.025
0 0.87890625 0.62421875 0.0171875 0.025
0 0.9125 0.62421875 0.0171875 0.025
0 0.9125 0.5765625 0.0171875 0.025
0 0.91328125 0.52890625 0.0171875 0.025
0 0.91328125 0.48125 0.0171875 0.025
0 0.91328125 0.43359375 0.0171875 0.025
0 0.91328125 0.3859375 0.0171875 0.025
0 0.91328125 0.33828125 0.0171875 0.025
0 0.91328125 0.290625 0.0171875 0.025
0 0.9125 0.24296875 0.0171875 0.025
0 0.91328125 0.1953125 0.0171875 0.025
0 0.91328125 0.14765625 0.0171875 0.025
0 0.91328125 0.10078125 0.0171875 0.025
0 0.91328125 0.05234375 0.0171875 0.025
0 0.94609375 0.05234375 0.0171875 0.025
0 0.94609375 0.1 0.0171875 0.025
0 0.946875 0.14765625 0.0171875 0.025
0 0.94609375 0.1953125 0.0171875 0.025
0 0.94609375 0.24296875 0.0171875 0.025
0 0.94609375 0.290625 0.0171875 0.025
0 0.946875 0.33828125 0.0171875 0.025
0 0.94609375 0.3859375 0.0171875 0.025
0 0.94609375 0.43359375 0.0171875 0.025
0 0.94609375 0.48125 0.0171875 0.025
0 0.946875 0.528125 0.0171875 0.025
0 0.94609375 0.5765625 0.0171875 0.025
0 0.94609375 0.62421875 0.0171875 0.025
0 0.1390625 0.671875 0.0171875 0.025
0 0.1390625 0.71875 0.0171875 0.025
0 0.1390625 0.7671875 0.0171875 0.025
0 0.13828125 0.81484375 0.0171875 0.025
0 0.13828125 0.8625 0.0171875 0.025
0 0.1390625 0.909375 0.0171875 0.025
0 0.13828125 0.95703125 0.0171875 0.025
0 0.171875 0.95703125 0.0171875 0.025
0 0.171875 0.909375 0.0171875 0.025
0 0.171875 0.8625 0.0171875 0.025
0 0.171875 0.81484375 0.0171875 0.025
0 0.171875 0.7671875 0.0171875 0.025
0 0.171875 0.71953125 0.0171875 0.025
0 0.171875 0.671875 0.0171875 0.025
0 0.20546875 0.67109375 0.0171875 0.025
0 0.20625 0.71875 0.0171875 0.025
0 0.20546875 0.7671875 0.0171875 0.025
0 0.20546875 0.81484375 0.0171875 0.025
0 0.20625 0.8625 0.0171875 0.025
0 0.20625 0.91015625 0.0171875 0.025
0 0.20546875 0.95703125 0.0171875 0.025
0 0.2390625 0.95703125 0.0171875 0.025
0 0.23984375 0.909375 0.0171875 0.025
0 0.2390625 0.8625 0.0171875 0.025
0 0.2390625 0.81484375 0.0171875 0.025
0 0.23984375 0.7671875 0.0171875 0.025
0 0.2390625 0.71875 0.0171875 0.025
0 0.23984375 0.67109375 0.0171875 0.025
0 0.2734375 0.67109375 0.0171875 0.025
0 0.2734375 0.71953125 0.0171875 0.025
0 0.30703125 0.71875 0.0171875 0.025
0 0.30703125 0.67109375 0.0171875 0.025
0 0.340625 0.67109375 0.0171875 0.025
0 0.37421875 0.67109375 0.0171875 0.025
0 0.37421875 0.71953125 0.0171875 0.025
0 0.340625 0.71953125 0.0171875 0.025
0 0.2734375 0.7671875 0.0171875 0.025
0 0.30703125 0.76640625 0.0171875 0.025
0 0.340625 0.7671875 0.0171875 0.025
0 0.37421875 0.76640625 0.0171875 0.025
0 0.4078125 0.76640625 0.0171875 0.025
0 0.4078125 0.71953125 0.0171875 0.025
0 0.4078125 0.67109375 0.0171875 0.025
0 0.44140625 0.671875 0.0171875 0.025
0 0.44140625 0.71953125 0.0171875 0.025
0 0.475 0.67109375 0.0171875 0.025
0 0.475 0.71953125 0.0171875 0.025
0 0.50859375 0.71953125 0.0171875 0.025
0 0.509375 0.67109375 0.0171875 0.025
0 0.5421875 0.67109375 0.0171875 0.025
0 0.5421875 0.71953125 0.0171875 0.025
0 0.5765625 0.71953125 0.0171875 0.025
0 0.5765625 0.67109375 0.0171875 0.025
0 0.61015625 0.67109375 0.0171875 0.025
0 0.61015625 0.71953125 0.0171875 0.025
0 0.64375 0.71953125 0.0171875 0.025
0 0.64375 0.67109375 0.0171875 0.025
0 0.67734375 0.67109375 0.0171875 0.025
0 0.7109375 0.67109375 0.0171875 0.025
0 0.74453125 0.67109375 0.0171875 0.025
0 0.778125 0.67109375 0.0171875 0.025
0 0.778125 0.71953125 0.0171875 0.025
0 0.74453125 0.71953125 0.0171875 0.025
0 0.7109375 0.71953125 0.0171875 0.025
0 0.81171875 0.67109375 0.0171875 0.025
0 0.67734375 0.71953125 0.0171875 0.025
0 0.81171875 0.71953125 0.0171875 0.025
0 0.8453125 0.67109375 0.0171875 0.025
0 0.8453125 0.71953125 0.0171875 0.025
0 0.8796875 0.71875 0.0171875 0.025
0 0.87890625 0.67109375 0.0171875 0.025
0 0.9125 0.67109375 0.0171875 0.025
0 0.946875 0.67109375 0.0171875 0.025
0 0.946875 0.71953125 0.0171875 0.025
0 0.91328125 0.71953125 0.0171875 0.025
0 0.946875 0.7671875 0.0171875 0.025
0 0.9125 0.76640625 0.0171875 0.025
0 0.87890625 0.7671875 0.0171875 0.025
0 0.8453125 0.76640625 0.0171875 0.025
0 0.74453125 0.76640625 0.0171875 0.025
0 0.778125 0.76640625 0.0171875 0.025
0 0.81171875 0.7671875 0.0171875 0.025
0 0.44140625 0.7671875 0.0171875 0.025
0 0.475 0.7671875 0.0171875 0.025
0 0.50859375 0.7671875 0.0171875 0.025
0 0.5421875 0.76640625 0.0171875 0.025
0 0.57578125 0.76640625 0.0171875 0.025
0 0.61015625 0.7671875 0.0171875 0.025
0 0.64375 0.7671875 0.0171875 0.025
0 0.67734375 0.76640625 0.0171875 0.025
0 0.7109375 0.76640625 0.0171875 0.025
0 0.64296875 0.81484375 0.0171875 0.025
0 0.64375 0.86171875 0.0171875 0.025
0 0.64296875 0.91015625 0.0171875 0.025
0 0.64375 0.9578125 0.0171875 0.025
0 0.67734375 0.9578125 0.0171875 0.025
0 0.67734375 0.91015625 0.0171875 0.025
0 0.67734375 0.86171875 0.0171875 0.025
0 0.67734375 0.81484375 0.0171875 0.025
0 0.7109375 0.8140625 0.0171875 0.025
0 0.74453125 0.8140625 0.0171875 0.025
0 0.7109375 0.86171875 0.0171875 0.025
0 0.7109375 0.909375 0.0171875 0.025
0 0.7109375 0.9578125 0.0171875 0.025
0 0.74453125 0.95703125 0.0171875 0.025
0 0.74453125 0.91015625 0.0171875 0.025
0 0.74453125 0.86171875 0.0171875 0.025
0 0.778125 0.8140625 0.0171875 0.025
0 0.778125 0.86171875 0.0171875 0.025
0 0.778125 0.909375 0.0171875 0.025
0 0.778125 0.95703125 0.0171875 0.025
0 0.81171875 0.95703125 0.0171875 0.025
0 0.81171875 0.91015625 0.0171875 0.025
0 0.81171875 0.86171875 0.0171875 0.025
0 0.81171875 0.81484375 0.0171875 0.025
0 0.8453125 0.8140625 0.0171875 0.025
0 0.8453125 0.86171875 0.0171875 0.025
0 0.8453125 0.909375 0.0171875 0.025
0 0.8453125 0.95703125 0.0171875 0.025
0 0.87890625 0.95703125 0.0171875 0.025
0 0.8796875 0.909375 0.0171875 0.025
0 0.87890625 0.86171875 0.0171875 0.025
0 0.8796875 0.81484375 0.0171875 0.025
0 0.91328125 0.8140625 0.0171875 0.025
0 0.94609375 0.8140625 0.0171875 0.025
0 0.94609375 0.86171875 0.0171875 0.025
0 0.94609375 0.91015625 0.0171875 0.025
0 0.94609375 0.9578125 0.0171875 0.025
0 0.91328125 0.95703125 0.0171875 0.025
0 0.91328125 0.91015625 0.0171875 0.025
0 0.91328125 0.86171875 0.0171875 0.025
0 0.61015625 0.95703125 0.0171875 0.025
0 0.61015625 0.91015625 0.0171875 0.025
0 0.609375 0.86171875 0.0171875 0.025
0 0.61015625 0.8140625 0.0171875 0.025
0 0.57578125 0.8140625 0.0171875 0.025
0 0.5765625 0.86171875 0.0171875 0.025
0 0.57578125 0.91015625 0.0171875 0.025
0 0.57578125 0.9578125 0.0171875 0.025
0 0.5421875 0.95703125 0.0171875 0.025
0 0.5421875 0.91015625 0.0171875 0.025
0 0.5421875 0.86171875 0.0171875 0.025
0 0.5421875 0.8140625 0.0171875 0.025
0 0.50859375 0.8140625 0.0171875 0.025
0 0.509375 0.86171875 0.0171875 0.025
0 0.50859375 0.909375 0.0171875 0.025
0 0.50859375 0.95703125 0.0171875 0.025
0 0.475 0.95703125 0.0171875 0.025
0 0.475 0.91015625 0.0171875 0.025
0 0.475 0.86171875 0.0171875 0.025
0 0.475 0.8140625 0.0171875 0.025
0 0.44140625 0.8140625 0.0171875 0.025
0 0.4078125 0.8140625 0.0171875 0.025
0 0.37421875 0.81484375 0.0171875 0.025
0 0.340625 0.81484375 0.0171875 0.025
0 0.30703125 0.81484375 0.0171875 0.025
0 0.2734375 0.81484375 0.0171875 0.025
0 0.2734375 0.86171875 0.0171875 0.025
0 0.30703125 0.86171875 0.0171875 0.025
0 0.340625 0.86171875 0.0171875 0.025
0 0.37421875 0.86171875 0.0171875 0.025
0 0.4078125 0.8625 0.0171875 0.025
0 0.44140625 0.86171875 0.0171875 0.025
0 0.44140625 0.91015625 0.0171875 0.025
0 0.44140625 0.95703125 0.0171875 0.025
0 0.4078125 0.91015625 0.0171875 0.025
0 0.4078125 0.95703125 0.0171875 0.025
0 0.37421875 0.95703125 0.0171875 0.025
0 0.37421875 0.91015625 0.0171875 0.025
0 0.340625 0.91015625 0.0171875 0.025
0 0.340625 0.9578125 0.0171875 0.025
0 0.30703125 0.91015625 0.0171875 0.025
0 0.30703125 0.9578125 0.0171875 0.025
0 0.2734375 0.95703125 0.0171875 0.025
0 0.27265625 0.91015625 0.0171875 0.025