0 0.9578125 0.9625 0.025 0.0171875
0 0.91015625 0.9625 0.025 0.0171875
0 0.86171875 0.9625 0.025 0.0171875
0 0.81484375 0.9625 0.025 0.0171875
0 0.76640625 0.9625 0.025 0.0171875
0 0.71953125 0.9625 0.025 0.0171875
0 0.67109375 0.9625 0.025 0.0171875
0 0.62421875 0.9625 0.025 0.0171875
0 0.5765625 0.9625 0.025 0.0171875
0 0.528125 0.9625 0.025 0.0171875
0 0.48125 0.9625 0.025 0.0171875
0 0.43359375 0.9625 0.025 0.0171875
0 0.3859375 0.9625 0.025 0.0171875
0 0.33828125 0.9625 0.025 0.0171875
0 0.290625 0.9625 0.025 0.0171875
0 0.24296875 0.9625 0.025 0.0171875
0 0.1953125 0.9625 0.025 0.0171875
0 0.1484375 0.9625 0.025 0.0171875
0 0.10078125 0.9625 0.025 0.0171875
0 0.05234375 0.9625 0.025 0.0171875
0 0.053125 0.92890625 0.025 0.0171875
0 0.10078125 0.92890625 0.025 0.0171875
0 0.1484375 0.928125 0.025 0.0171875
0 0.1953125 0.92890625 0.025 0.0171875
0 0.24296875 0.92890625 0.025 0.0171875
0 0.290625 0.92890625 0.025 0.0171875
0 0.33828125 0.92890625 0.025 0.0171875
0 0.3859375 0.92890625 0.025 0.0171875
0 0.43359375 0.92890625 0.025 0.0171875
0 0.48125 0.92890625 0.025 0.0171875
0 0.528125 0.92890625 0.025 0.0171875
0 0.5765625 0.92890625 0.025 0.0171875
0 0.62421875 0.928125 0.025 0.0171875
0 0.671875 0.92890625 0.025 0.0171875
0 0.71953125 0.92890625 0.025 0.0171875
0 0.7671875 0.92890625 0.025 0.0171875
0 0.8140625 0.92890625 0.025 0.0171875
0 0.86171875 0.92890625 0.025 0.0171875
0 0.91015625 0.92890625 0.025 0.0171875
0 0.95703125 0.92890625 0.025 0.0171875
0 0.9578125 0.8953125 0.025 0.0171875
0 0.91015625 0.8953125 0.025 0.0171875
0 0.86171875 0.8953125 0.025 0.0171875
0 0.8140625 0.8953125 0.025 0.0171875
0 0.7671875 0.8953125 0.025 0.0171875
0 0.71953125 0.8953125 0.025 0.0171875
0 0.671875 0.8953125 0.025 0.0171875
0 0.62421875 0.8953125 0.025 0.0171875
0 0.5765625 0.8953125 0.025 0.0171875
0 0.52890625 0.8953125 0.025 0.0171875
0 0.48125 0.8953125 0.025 0.0171875
0 0.43359375 0.8953125 0.025 0.0171875
0 0.3859375 0.8953125 0.025 0.0171875
0 0.33828125 0.8953125 0.025 0.0171875
0 0.290625 0.8953125 0.025 0.0171875
0 0.24296875 0.8953125 0.025 0.0171875
0 0.1953125 0.8953125 0.025 0.0171875
0 0.14765625 0.8953125 0.025 0.0171875
0 0.1 0.8953125 0.025 0.0171875
0 0.05234375 0.8953125 0.025 0.0171875
0 0.05234375 0.86171875 0.025 0.0171875
0 0.1 0.8609375 0.025 0.0171875
0 0.14765625 0.86171875 0.025 0.0171875
0 0.1953125 0.86171875 0.025 0.0171875
0 0.24296875 0.86171875 0.025 0.0171875
0 0.290625 0.86171875 0.025 0.0171875
0 0.33828125 0.86171875 0.025 0.0171875
0 0.3859375 0.86171875 0.025 0.0171875
0 0.43359375 0.86171875 0.025 0.0171875
0 0.48125 0.86171875 0.025 0.0171875
0 0.528125 0.86171875 0.025 0.0171875
0 0.5765625 0.86171875 0.025 0.0171875
0 0.62421875 0.86171875 0.025 0.0171875
0 0.62421875 0.828125 0.025 0.0171875
0 0.5765625 0.828125 0.025 0.0171875
0 0.52890625 0.828125 0.025 0.0171875
0 0.48125 0.828125 0.025 0.0171875
0 0.43359375 0.828125 0.025 0.0171875
0 0.3859375 0.828125 0.025 0.0171875
0 0.33828125 0.828125 0.025 0.0171875
0 0.290625 0.828125 0.025 0.0171875
0 0.24296875 0.828125 0.025 0.0171875
0 0.1953125 0.828125 0.025 0.0171875
0 0.14765625 0.828125 0.025 0.0171875
0 0.10078125 0.828125 0.025 0.0171875
0 0.05234375 0.828125 0.025 0.0171875
0 0.05234375 0.79453125 0.025 0.0171875
0 0.10078125 0.79453125 0.025 0.0171875
0 0.14765625 0.79453125 0.025 0.0171875
0 0.1953125 0.79453125 0.025 0.0171875
0 0.24296875 0.79453125 0.025 0.0171875
0 0.290625 0.79453125 0.025 0.0171875
0 0.33828125 0.79453125 0.025 0.0171875
0 0.3859375 0.79375 0.025 0.0171875
0 0.43359375 0.79375 0.025 0.0171875
0 0.48125 0.79453125 0.025 0.0171875
0 0.528125 0.79453125 0.025 0.0171875
0 0.5765625 0.79453125 0.025 0.0171875
0 0.62421875 0.79375 0.025 0.0171875
0 0.62421875 0.76015625 0.025 0.0171875
0 0.5765625 0.76015625 0.025 0.0171875
0 0.528125 0.76015625 0.025 0.0171875
0 0.48125 0.76015625 0.025 0.0171875
0 0.43359375 0.76015625 0.025 0.0171875
0 0.3859375 0.76015625 0.025 0.0171875
0 0.33828125 0.76015625 0.025 0.0171875
0 0.290625 0.76015625 0.025 0.0171875
0 0.24296875 0.76015625 0.025 0.0171875
0 0.1953125 0.76015625 0.025 0.0171875
0 0.14765625 0.76015625 0.025 0.0171875
0 0.10078125 0.76015625 0.025 0.0171875
0 0.05234375 0.76015625 0.025 0.0171875
0 0.05234375 0.7265625 0.025 0.0171875
0 0.10078125 0.7265625 0.025 0.0171875
0 0.14765625 0.7265625 0.025 0.0171875
0 0.1953125 0.7265625 0.025 0.0171875
0 0.24296875 0.7265625 0.025 0.0171875
0 0.290625 0.72734375 0.025 0.0171875
0 0.33828125 0.7265625 0.025 0.0171875
0 0.3859375 0.7265625 0.025 0.0171875
0 0.43359375 0.7265625 0.025 0.0171875
0 0.48125 0.7265625 0.025 0.0171875
0 0.528125 0.7265625 0.025 0.0171875
0 0.5765625 0.7265625 0.025 0.0171875
0 0.62421875 0.7265625 0.025 0.0171875
0 0.62421875 0.69296875 0.025 0.0171875
0 0.5765625 0.69296875 0.025 0.0171875
0 0.528125 0.69296875 0.025 0.0171875
0 0.48046875 0.69296875 0.025 0.0171875
0 0.43359375 0.69296875 0.025 0.0171875
0 0.3859375 0.69296875 0.025 0.0171875
0 0.33828125 0.69296875 0.025 0.0171875
0 0.33828125 0.69296875 0.025 0.0171875
0 0.290625 0.69296875 0.025 0.0171875
0 0.24296875 0.69296875 0.025 0.0171875
0 0.1953125 0.69296875 0.025 0.0171875
0 0.14765625 0.69296875 0.025 0.0171875
0 0.1 0.69296875 0.025 0.0171875
0 0.05234375 0.69296875 0.025 0.0171875
0 0.05234375 0.659375 0.025 0.0171875
0 0.10078125 0.659375 0.025 0.0171875
0 0.14765625 0.659375 0.025 0.0171875
0 0.1953125 0.659375 0.025 0.0171875
0 0.24296875 0.659375 0.025 0.0171875
0 0.290625 0.659375 0.025 0.0171875
0 0.33828125 0.659375 0.025 0.0171875
0 0.3859375 0.659375 0.025 0.0171875
0 0.43359375 0.659375 0.025 0.0171875
0 0.48125 0.659375 0.025 0.0171875
0 0.528125 0.659375 0.025 0.0171875
0 0.5765625 0.659375 0.025 0.0171875
0 0.62421875 0.659375 0.025 0.0171875
0 0.62421875 0.62578125 0.025 0.0171875
0 0.5765625 0.62578125 0.025 0.0171875
0 0.52890625 0.62578125 0.025 0.0171875
0 0.48125 0.62578125 0.025 0.0171875
0 0.43359375 0.62578125 0.025 0.0171875
0 0.3859375 0.62578125 0.025 0.0171875
0 0.33828125 0.62578125 0.025 0.0171875
0 0.290625 0.62578125 0.025 0.0171875
0 0.24296875 0.62578125 0.025 0.0171875
0 0.1953125 0.62578125 0.025 0.0171875
0 0.14765625 0.62578125 0.025 0.0171875
0 0.10078125 0.62578125 0.025 0.0171875
0 0.05234375 0.62578125 0.025 0.0171875
0 0.05234375 0.62578125 0.025 0.0171875
0 0.05234375 0.5921875 0.025 0.0171875
0 0.10078125 0.5921875 0.025 0.0171875
0 0.14765625 0.5921875 0.025 0.0171875
0 0.1953125 0.5921875 0.025 0.0171875
0 0.24296875 0.5921875 0.025 0.0171875
0 0.290625 0.5921875 0.025 0.0171875
0 0.33828125 0.5921875 0.025 0.0171875
0 0.3859375 0.5921875 0.025 0.0171875
0 0.43359375 0.5921875 0.025 0.0171875
0 0.48046875 0.5921875 0.025 0.0171875
0 0.528125 0.5921875 0.025 0.0171875
0 0.5765625 0.5921875 0.025 0.0171875
0 0.62421875 0.5921875 0.025 0.0171875
0 0.62421875 0.55859375 0.025 0.0171875
0 0.5765625 0.55859375 0.025 0.0171875
0 0.528125 0.55859375 0.025 0.0171875
0 0.48125 0.55859375 0.025 0.0171875
0 0.43359375 0.55859375 0.025 0.0171875
0 0.3859375 0.55859375 0.025 0.0171875
0 0.33828125 0.55859375 0.025 0.0171875
0 0.290625 0.55859375 0.025 0.0171875
0 0.24296875 0.55859375 0.025 0.0171875
0 0.1953125 0.55859375 0.025 0.0171875
0 0.1484375 0.55859375 0.025 0.0171875
0 0.1 0.55859375 0.025 0.0171875
0 0.05234375 0.55859375 0.025 0.0171875
0 0.05234375 0.525 0.025 0.0171875
0 0.10078125 0.525 0.025 0.0171875
0 0.14765625 0.525 0.025 0.0171875
0 0.1953125 0.525 0.025 0.0171875
0 0.24296875 0.525 0.025 0.0171875
0 0.290625 0.525 0.025 0.0171875
0 0.33828125 0.525 0.025 0.0171875
0 0.3859375 0.525 0.025 0.0171875
0 0.43359375 0.525 0.025 0.0171875
0 0.48125 0.525 0.025 0.0171875
0 0.528125 0.525 0.025 0.0171875
0 0.5765625 0.525 0.025 0.0171875
0 0.62421875 0.525 0.025 0.0171875
0 0.62421875 0.49140625 0.025 0.0171875
0 0.5765625 0.49140625 0.025 0.0171875
0 0.52890625 0.49140625 0.025 0.0171875
0 0.48125 0.49140625 0.025 0.0171875
0 0.43359375 0.49140625 0.025 0.0171875
0 0.3859375 0.49140625 0.025 0.0171875
0 0.33828125 0.49140625 0.025 0.0171875
0 0.290625 0.49140625 0.025 0.0171875
0 0.24296875 0.49140625 0.025 0.0171875
0 0.1953125 0.49140625 0.025 0.0171875
0 0.14765625 0.49140625 0.025 0.0171875
0 0.10078125 0.49140625 0.025 0.0171875
0 0.05234375 0.49140625 0.025 0.0171875
0 0.05234375 0.45703125 0.025 0.0171875
0 0.10078125 0.4578125 0.025 0.0171875
0 0.14765625 0.45703125 0.025 0.0171875
0 0.1953125 0.45703125 0.025 0.0171875
0 0.24296875 0.45703125 0.025 0.0171875
0 0.290625 0.45703125 0.025 0.0171875
0 0.3859375 0.45703125 0.025 0.0171875
0 0.33828125 0.4578125 0.025 0.0171875
0 0.43359375 0.4578125 0.025 0.0171875
0 0.48125 0.45703125 0.025 0.0171875
0 0.52890625 0.45703125 0.025 0.0171875
0 0.5765625 0.4578125 0.025 0.0171875
0 0.62421875 0.45703125 0.025 0.0171875
0 0.62421875 0.42421875 0.025 0.0171875
0 0.5765625 0.42421875 0.025 0.0171875
0 0.52890625 0.42421875 0.025 0.0171875
0 0.48046875 0.42421875 0.025 0.0171875
0 0.43359375 0.4234375 0.025 0.0171875
0 0.3859375 0.42421875 0.025 0.0171875
0 0.33828125 0.42421875 0.025 0.0171875
0 0.290625 0.4234375 0.025 0.0171875
0 0.24296875 0.4234375 0.025 0.0171875
0 0.1953125 0.42421875 0.025 0.0171875
0 0.14765625 0.42421875 0.025 0.0171875
0 0.1 0.42421875 0.025 0.0171875
0 0.05234375 0.42421875 0.025 0.0171875
0 0.05234375 0.390625 0.025 0.0171875
0 0.10078125 0.38984375 0.025 0.0171875
0 0.14765625 0.38984375 0.025 0.0171875
0 0.1953125 0.38984375 0.025 0.0171875
0 0.24296875 0.390625 0.025 0.0171875
0 0.290625 0.38984375 0.025 0.0171875
0 0.3859375 0.38984375 0.025 0.0171875
0 0.33828125 0.38984375 0.025 0.0171875
0 0.43359375 0.390625 0.025 0.0171875
0 0.48125 0.38984375 0.025 0.0171875
0 0.528125 0.38984375 0.025 0.0171875
0 0.5765625 0.38984375 0.025 0.0171875
0 0.62421875 0.38984375 0.025 0.0171875
0 0.62421875 0.35625 0.025 0.0171875
0 0.5765625 0.35703125 0.025 0.0171875
0 0.5765625 0.35703125 0.025 0.0171875
0 0.52890625 0.35703125 0.025 0.0171875
0 0.48125 0.35625 0.025 0.0171875
0 0.43359375 0.35703125 0.025 0.0171875
0 0.3859375 0.35703125 0.025 0.0171875
0 0.33828125 0.35625 0.025 0.0171875
0 0.290625 0.35625 0.025 0.0171875
0 0.24296875 0.35703125 0.025 0.0171875
0 0.1953125 0.35625 0.025 0.0171875
0 0.1484375 0.35625 0.025 0.0171875
0 0.10078125 0.35703125 0.025 0.0171875
0 0.05234375 0.35703125 0.025 0.0171875
0 0.05234375 0.32265625 0.025 0.0171875
0 0.10078125 0.32265625 0.025 0.0171875
0 0.14765625 0.32265625 0.025 0.0171875
0 0.1953125 0.32265625 0.025 0.0171875
0 0.24296875 0.32265625 0.025 0.0171875
0 0.290625 0.32265625 0.025 0.0171875
0 0.3375 0.32265625 0.025 0.0171875
0 0.3859375 0.32265625 0.025 0.0171875
0 0.43359375 0.32265625 0.025 0.0171875
0 0.48125 0.32265625 0.025 0.0171875
0 0.528125 0.32265625 0.025 0.0171875
0 0.5765625 0.32265625 0.025 0.0171875
0 0.62421875 0.32265625 0.025 0.0171875
0 0.62421875 0.2890625 0.025 0.0171875
0 0.5765625 0.2890625 0.025 0.0171875
0 0.52890625 0.2890625 0.025 0.0171875
0 0.48125 0.2890625 0.025 0.0171875
0 0.43359375 0.2890625 0.025 0.0171875
0 0.3859375 0.2890625 0.025 0.0171875
0 0.33828125 0.2890625 0.025 0.0171875
0 0.290625 0.2890625 0.025 0.0171875
0 0.24296875 0.2890625 0.025 0.0171875
0 0.1953125 0.2890625 0.025 0.0171875
0 0.14765625 0.2890625 0.025 0.0171875
0 0.10078125 0.2890625 0.025 0.0171875
0 0.05234375 0.2890625 0.025 0.0171875
0 0.05234375 0.25546875 0.025 0.0171875
0 0.10078125 0.25546875 0.025 0.0171875
0 0.14765625 0.25546875 0.025 0.0171875
0 0.1953125 0.25546875 0.025 0.0171875
0 0.24296875 0.25546875 0.025 0.0171875
0 0.290625 0.25546875 0.025 0.0171875
0 0.33828125 0.25546875 0.025 0.0171875
0 0.3859375 0.25546875 0.025 0.0171875
0 0.43359375 0.25546875 0.025 0.0171875
0 0.48125 0.25546875 0.025 0.0171875
0 0.528125 0.25546875 0.025 0.0171875
0 0.5765625 0.25546875 0.025 0.0171875
0 0.62421875 0.25546875 0.025 0.0171875
0 0.62421875 0.221875 0.025 0.0171875
0 0.5765625 0.221875 0.025 0.0171875
0 0.528125 0.221875 0.025 0.0171875
0 0.48125 0.221875 0.025 0.0171875
0 0.43359375 0.221875 0.025 0.0171875
0 0.3859375 0.221875 0.025 0.0171875
0 0.33828125 0.221875 0.025 0.0171875
0 0.290625 0.221875 0.025 0.0171875
0 0.24296875 0.221875 0.025 0.0171875
0 0.1953125 0.221875 0.025 0.0171875
0 0.14765625 0.221875 0.025 0.0171875
0 0.1 0.221875 0.025 0.0171875
0 0.05234375 0.221875 0.025 0.0171875
0 0.05234375 0.221875 0.025 0.0171875
0 0.05234375 0.18828125 0.025 0.0171875
0 0.1 0.18828125 0.025 0.0171875
0 0.14765625 0.18828125 0.025 0.0171875
0 0.1953125 0.18828125 0.025 0.0171875
0 0.24296875 0.18828125 0.025 0.0171875
0 0.290625 0.18828125 0.025 0.0171875
0 0.33828125 0.18828125 0.025 0.0171875
0 0.3859375 0.18828125 0.025 0.0171875
0 0.43359375 0.18828125 0.025 0.0171875
0 0.48125 0.18828125 0.025 0.0171875
0 0.528125 0.18828125 0.025 0.0171875
0 0.5765625 0.18828125 0.025 0.0171875
0 0.62421875 0.18828125 0.025 0.0171875
0 0.62421875 0.1546875 0.025 0.0171875
0 0.5765625 0.1546875 0.025 0.0171875
0 0.52890625 0.1546875 0.025 0.0171875
0 0.48125 0.1546875 0.025 0.0171875
0 0.43359375 0.1546875 0.025 0.0171875
0 0.3859375 0.1546875 0.025 0.0171875
0 0.33828125 0.15390625 0.025 0.0171875
0 0.290625 0.1546875 0.025 0.0171875
0 0.24296875 0.1546875 0.025 0.0171875
0 0.1953125 0.1546875 0.025 0.0171875
0 0.14765625 0.15390625 0.025 0.0171875
0 0.10078125 0.1546875 0.025 0.0171875
0 0.05234375 0.1546875 0.025 0.0171875
0 0.05234375 0.12109375 0.025 0.0171875
0 0.10078125 0.12109375 0.025 0.0171875
0 0.14765625 0.12109375 0.025 0.0171875
0 0.1953125 0.12109375 0.025 0.0171875
0 0.24296875 0.12109375 0.025 0.0171875
0 0.290625 0.12109375 0.025 0.0171875
0 0.33828125 0.12109375 0.025 0.0171875
0 0.3859375 0.12109375 0.025 0.0171875
0 0.43359375 0.12109375 0.025 0.0171875
0 0.48125 0.12109375 0.025 0.0171875
0 0.528125 0.12109375 0.025 0.0171875
0 0.5765625 0.12109375 0.025 0.0171875
0 0.62421875 0.12109375 0.025 0.0171875
0 0.62421875 0.0875 0.025 0.0171875
0 0.5765625 0.0875 0.025 0.0171875
0 0.52890625 0.08671875 0.025 0.0171875
0 0.48125 0.08671875 0.025 0.0171875
0 0.43359375 0.08671875 0.025 0.0171875
0 0.3859375 0.08671875 0.025 0.0171875
0 0.33828125 0.08671875 0.025 0.0171875
0 0.290625 0.08671875 0.025 0.0171875
0 0.24296875 0.0875 0.025 0.0171875
0 0.1953125 0.08671875 0.025 0.0171875
0 0.14765625 0.08671875 0.025 0.0171875
0 0.10078125 0.08671875 0.025 0.0171875
0 0.05234375 0.08671875 0.025 0.0171875
0 0.05234375 0.05390625 0.025 0.0171875
0 0.1 0.05390625 0.025 0.0171875
0 0.14765625 0.053125 0.025 0.0171875
0 0.1953125 0.05390625 0.025 0.0171875
0 0.24296875 0.05390625 0.025 0.0171875
0 0.290625 0.05390625 0.025 0.0171875
0 0.33828125 0.053125 0.025 0.0171875
0 0.3859375 0.05390625 0.025 0.0171875
0 0.43359375 0.05390625 0.025 0.0171875
0 0.48125 0.05390625 0.025 0.0171875
0 0.528125 0.053125 0.025 0.0171875
0 0.5765625 0.05390625 0.025 0.0171875
0 0.62421875 0.05390625 0.025 0.0171875
0 0.671875 0.8609375 0.025 0.0171875
0 0.71875 0.8609375 0.025 0.0171875
0 0.7671875 0.8609375 0.025 0.0171875
0 0.81484375 0.86171875 0.025 0.0171875
0 0.8625 0.86171875 0.025 0.0171875
0 0.909375 0.8609375 0.025 0.0171875
0 0.95703125 0.86171875 0.025 0.0171875
0 0.95703125 0.828125 0.025 0.0171875
0 0.909375 0.828125 0.025 0.0171875
0 0.8625 0.828125 0.025 0.0171875
0 0.81484375 0.828125 0.025 0.0171875
0 0.7671875 0.828125 0.025 0.0171875
0 0.71953125 0.828125 0.025 0.0171875
0 0.671875 0.828125 0.025 0.0171875
0 0.67109375 0.79453125 0.025 0.0171875
0 0.71875 0.79375 0.025 0.0171875
0 0.7671875 0.79453125 0.025 0.0171875
0 0.81484375 0.79453125 0.025 0.0171875
0 0.8625 0.79375 0.025 0.0171875
0 0.91015625 0.79375 0.025 0.0171875
0 0.95703125 0.79453125 0.025 0.0171875
0 0.95703125 0.7609375 0.025 0.0171875
0 0.909375 0.76015625 0.025 0.0171875
0 0.8625 0.7609375 0.025 0.0171875
0 0.81484375 0.7609375 0.025 0.0171875
0 0.7671875 0.76015625 0.025 0.0171875
0 0.71875 0.7609375 0.025 0.0171875
0 0.67109375 0.76015625 0.025 0.0171875
0 0.67109375 0.7265625 0.025 0.0171875
0 0.71953125 0.7265625 0.025 0.0171875
0 0.71875 0.69296875 0.025 0.0171875
0 0.67109375 0.69296875 0.025 0.0171875
0 0.67109375 0.659375 0.025 0.0171875
0 0.67109375 0.62578125 0.025 0.0171875
0 0.71953125 0.62578125 0.025 0.0171875
0 0.71953125 0.659375 0.025 0.0171875
0 0.7671875 0.7265625 0.025 0.0171875
0 0.76640625 0.69296875 0.025 0.0171875
0 0.7671875 0.659375 0.025 0.0171875
0 0.76640625 0.62578125 0.025 0.0171875
0 0.76640625 0.5921875 0.025 0.0171875
0 0.71953125 0.5921875 0.025 0.0171875
0 0.67109375 0.5921875 0.025 0.0171875
0 0.671875 0.55859375 0.025 0.0171875
0 0.71953125 0.55859375 0.025 0.0171875
0 0.67109375 0.525 0.025 0.0171875
0 0.71953125 0.525 0.025 0.0171875
0 0.71953125 0.49140625 0.025 0.0171875
0 0.67109375 0.490625 0.025 0.0171875
0 0.67109375 0.4578125 0.025 0.0171875
0 0.71953125 0.4578125 0.025 0.0171875
0 0.71953125 0.4234375 0.025 0.0171875
0 0.67109375 0.4234375 0.025 0.0171875
0 0.67109375 0.38984375 0.025 0.0171875
0 0.71953125 0.38984375 0.025 0.0171875
0 0.71953125 0.35625 0.025 0.0171875
0 0.67109375 0.35625 0.025 0.0171875
0 0.67109375 0.32265625 0.025 0.0171875
0 0.67109375 0.2890625 0.025 0.0171875
0 0.67109375 0.25546875 0.025 0.0171875
0 0.67109375 0.221875 0.025 0.0171875
0 0.71953125 0.221875 0.025 0.0171875
0 0.71953125 0.25546875 0.025 0.0171875
0 0.71953125 0.2890625 0.025 0.0171875
0 0.67109375 0.18828125 0.025 0.0171875
0 0.71953125 0.32265625 0.025 0.0171875
0 0.71953125 0.18828125 0.025 0.0171875
0 0.67109375 0.1546875 0.025 0.0171875
0 0.71953125 0.1546875 0.025 0.0171875
0 0.71875 0.1203125 0.025 0.0171875
0 0.67109375 0.12109375 0.025 0.0171875
0 0.67109375 0.0875 0.025 0.0171875
0 0.67109375 0.053125 0.025 0.0171875
0 0.71953125 0.053125 0.025 0.0171875
0 0.71953125 0.08671875 0.025 0.0171875
0 0.7671875 0.053125 0.025 0.0171875
0 0.76640625 0.0875 0.025 0.0171875
0 0.7671875 0.12109375 0.025 0.0171875
0 0.76640625 0.1546875 0.025 0.0171875
0 0.76640625 0.25546875 0.025 0.0171875
0 0.76640625 0.221875 0.025 0.0171875
0 0.7671875 0.18828125 0.025 0.0171875
0 0.7671875 0.55859375 0.025 0.0171875
0 0.7671875 0.525 0.025 0.0171875
0 0.7671875 0.49140625 0.025 0.0171875
0 0.76640625 0.4578125 0.025 0.0171875
0 0.76640625 0.42421875 0.025 0.0171875
0 0.7671875 0.38984375 0.025 0.0171875
0 0.7671875 0.35625 0.025 0.0171875
0 0.76640625 0.32265625 0.025 0.0171875
0 0.76640625 0.2890625 0.025 0.0171875
0 0.81484375 0.35703125 0.025 0.0171875
0 0.86171875 0.35625 0.025 0.0171875
0 0.91015625 0.35703125 0.025 0.0171875
0 0.9578125 0.35625 0.025 0.0171875
0 0.9578125 0.32265625 0.025 0.0171875
0 0.91015625 0.32265625 0.025 0.0171875
0 0.86171875 0.32265625 0.025 0.0171875
0 0.81484375 0.32265625 0.025 0.0171875
0 0.8140625 0.2890625 0.025 0.0171875
0 0.8140625 0.25546875 0.025 0.0171875
0 0.86171875 0.2890625 0.025 0.0171875
0 0.909375 0.2890625 0.025 0.0171875
0 0.9578125 0.2890625 0.025 0.0171875
0 0.95703125 0.25546875 0.025 0.0171875
0 0.91015625 0.25546875 0.025 0.0171875
0 0.86171875 0.25546875 0.025 0.0171875
0 0.8140625 0.221875 0.025 0.0171875
0 0.86171875 0.221875 0.025 0.0171875
0 0.909375 0.221875 0.025 0.0171875
0 0.95703125 0.221875 0.025 0.0171875
0 0.95703125 0.18828125 0.025 0.0171875
0 0.91015625 0.18828125 0.025 0.0171875
0 0.86171875 0.18828125 0.025 0.0171875
0 0.81484375 0.18828125 0.025 0.0171875
0 0.8140625 0.1546875 0.025 0.0171875
0 0.86171875 0.1546875 0.025 0.0171875
0 0.909375 0.1546875 0.025 0.0171875
0 0.95703125 0.1546875 0.025 0.0171875
0 0.95703125 0.12109375 0.025 0.0171875
0 0.909375 0.1203125 0.025 0.0171875
0 0.86171875 0.12109375 0.025 0.0171875
0 0.81484375 0.1203125 0.025 0.0171875
0 0.8140625 0.08671875 0.025 0.0171875
0 0.8140625 0.05390625 0.025 0.0171875
0 0.86171875 0.05390625 0.025 0.0171875
0 0.91015625 0.05390625 0.025 0.0171875
0 0.9578125 0.05390625 0.025 0.0171875
0 0.95703125 0.08671875 0.025 0.0171875
0 0.91015625 0.08671875 0.025 0.0171875
0 0.86171875 0.08671875 0.025 0.0171875
0 0.95703125 0.38984375 0.025 0.0171875
0 0.91015625 0.38984375 0.025 0.0171875
0 0.86171875 0.390625 0.025 0.0171875
0 0.8140625 0.38984375 0.025 0.0171875
0 0.8140625 0.42421875 0.025 0.0171875
0 0.86171875 0.4234375 0.025 0.0171875
0 0.91015625 0.42421875 0.025 0.0171875
0 0.9578125 0.42421875 0.025 0.0171875
0 0.95703125 0.4578125 0.025 0.0171875
0 0.91015625 0.4578125 0.025 0.0171875
0 0.86171875 0.4578125 0.025 0.0171875
0 0.8140625 0.4578125 0.025 0.0171875
0 0.8140625 0.49140625 0.025 0.0171875
0 0.86171875 0.490625 0.025 0.0171875
0 0.909375 0.49140625 0.025 0.0171875
0 0.95703125 0.49140625 0.025 0.0171875
0 0.95703125 0.525 0.025 0.0171875
0 0.91015625 0.525 0.025 0.0171875
0 0.86171875 0.525 0.025 0.0171875
0 0.8140625 0.525 0.025 0.0171875
0 0.8140625 0.55859375 0.025 0.0171875
0 0.8140625 0.5921875 0.025 0.0171875
0 0.81484375 0.62578125 0.025 0.0171875
0 0.81484375 0.659375 0.025 0.0171875
0 0.81484375 0.69296875 0.025 0.0171875
0 0.81484375 0.7265625 0.025 0.0171875
0 0.86171875 0.7265625 0.025 0.0171875
0 0.86171875 0.69296875 0.025 0.0171875
0 0.86171875 0.659375 0.025 0.0171875
0 0.86171875 0.62578125 0.025 0.0171875
0 0.8625 0.5921875 0.025 0.0171875
0 0.86171875 0.55859375 0.025 0.0171875
0 0.91015625 0.55859375 0.025 0.0171875
0 0.95703125 0.55859375 0.025 0.0171875
0 0.91015625 0.5921875 0.025 0.0171875
0 0.95703125 0.5921875 0.025 0.0171875
0 0.95703125 0.62578125 0.025 0.0171875
0 0.91015625 0.62578125 0.025 0.0171875
0 0.91015625 0.659375 0.025 0.0171875
0 0.9578125 0.659375 0.025 0.0171875
0 0.91015625 0.69296875 0.025 0.0171875
0 0.9578125 0.69296875 0.025 0.0171875
0 0.95703125 0.7265625 0.025 0.0171875
0 0.91015625 0.72734375 0.025 0.0171875