0 0.0421875 0.0375 0.025 0.0171875
0 0.08984375 0.0375 0.025 0.0171875
0 0.13828125 0.0375 0.025 0.0171875
0 0.18515625 0.0375 0.025 0.0171875
0 0.23359375 0.0375 0.025 0.0171875
0 0.28046875 0.0375 0.025 0.0171875
0 0.32890625 0.0375 0.025 0.0171875
0 0.37578125 0.0375 0.025 0.0171875
0 0.4234375 0.0375 0.025 0.0171875
0 0.471875 0.0375 0.025 0.0171875
0 0.51875 0.0375 0.025 0.0171875
0 0.56640625 0.0375 0.025 0.0171875
0 0.6140625 0.0375 0.025 0.0171875
0 0.66171875 0.0375 0.025 0.0171875
0 0.709375 0.0375 0.025 0.0171875
0 0.75703125 0.0375 0.025 0.0171875
0 0.8046875 0.0375 0.025 0.0171875
0 0.8515625 0.0375 0.025 0.0171875
0 0.89921875 0.0375 0.025 0.0171875
0 0.94765625 0.0375 0.025 0.0171875
0 0.946875 0.07109375 0.025 0.0171875
0 0.89921875 0.07109375 0.025 0.0171875
0 0.8515625 0.071875 0.025 0.0171875
0 0.8046875 0.07109375 0.025 0.0171875
0 0.75703125 0.07109375 0.025 0.0171875
0 0.709375 0.07109375 0.025 0.0171875
0 0.66171875 0.07109375 0.025 0.0171875
0 0.6140625 0.07109375 0.025 0.0171875
0 0.56640625 0.07109375 0.025 0.0171875
0 0.51875 0.07109375 0.025 0.0171875
0 0.471875 0.07109375 0.025 0.0171875
0 0.4234375 0.07109375 0.025 0.0171875
0 0.37578125 0.071875 0.025 0.0171875
0 0.328125 0.07109375 0.025 0.0171875
0 0.28046875 0.07109375 0.025 0.0171875
0 0.2328125 0.07109375 0.025 0.0171875
0 0.1859375 0.07109375 0.025 0.0171875
0 0.13828125 0.07109375 0.025 0.0171875
0 0.08984375 0.07109375 0.025 0.0171875
0 0.04296875 0.07109375 0.025 0.0171875
0 0.0421875 0.1046875 0.025 0.0171875
0 0.08984375 0.1046875 0.025 0.0171875
0 0.13828125 0.1046875 0.025 0.0171875
0 0.1859375 0.1046875 0.025 0.0171875
0 0.2328125 0.1046875 0.025 0.0171875
0 0.28046875 0.1046875 0.025 0.0171875
0 0.328125 0.1046875 0.025 0.0171875
0 0.37578125 0.1046875 0.025 0.0171875
0 0.4234375 0.1046875 0.025 0.0171875
0 0.47109375 0.1046875 0.025 0.0171875
0 0.51875 0.1046875 0.025 0.0171875
0 0.56640625 0.1046875 0.025 0.0171875
0 0.6140625 0.1046875 0.025 0.0171875
0 0.66171875 0.1046875 0.025 0.0171875
0 0.709375 0.1046875 0.025 0.0171875
0 0.75703125 0.1046875 0.025 0.0171875
0 0.8046875 0.1046875 0.025 0.0171875
0 0.85234375 0.1046875 0.025 0.0171875
0 0.9 0.1046875 0.025 0.0171875
0 0.94765625 0.1046875 0.025 0.0171875
0 0.94765625 0.13828125 0.025 0.0171875
0 0.9 0.1390625 0.025 0.0171875
0 0.85234375 0.13828125 0.025 0.0171875
0 0.8046875 0.13828125 0.025 0.0171875
0 0.75703125 0.13828125 0.025 0.0171875
0 0.709375 0.13828125 0.025 0.0171875
0 0.66171875 0.13828125 0.025 0.0171875
0 0.6140625 0.13828125 0.025 0.0171875
0 0.56640625 0.13828125 0.025 0.0171875
0 0.51875 0.13828125 0.025 0.0171875
0 0.471875 0.13828125 0.025 0.0171875
0 0.4234375 0.13828125 0.025 0.0171875
0 0.37578125 0.13828125 0.025 0.0171875
0 0.37578125 0.171875 0.025 0.0171875
0 0.4234375 0.171875 0.025 0.0171875
0 0.47109375 0.171875 0.025 0.0171875
0 0.51875 0.171875 0.025 0.0171875
0 0.56640625 0.171875 0.025 0.0171875
0 0.6140625 0.171875 0.025 0.0171875
0 0.66171875 0.171875 0.025 0.0171875
0 0.709375 0.171875 0.025 0.0171875
0 0.75703125 0.171875 0.025 0.0171875
0 0.8046875 0.171875 0.025 0.0171875
0 0.85234375 0.171875 0.025 0.0171875
0 0.89921875 0.171875 0.025 0.0171875
0 0.94765625 0.171875 0.025 0.0171875
0 0.94765625 0.20546875 0.025 0.0171875
0 0.89921875 0.20546875 0.025 0.0171875
0 0.85234375 0.20546875 0.025 0.0171875
0 0.8046875 0.20546875 0.025 0.0171875
0 0.75703125 0.20546875 0.025 0.0171875
0 0.709375 0.20546875 0.025 0.0171875
0 0.66171875 0.20546875 0.025 0.0171875
0 0.6140625 0.20625 0.025 0.0171875
0 0.56640625 0.20625 0.025 0.0171875
0 0.51875 0.20546875 0.025 0.0171875
0 0.471875 0.20546875 0.025 0.0171875
0 0.4234375 0.20546875 0.025 0.0171875
0 0.37578125 0.20625 0.025 0.0171875
0 0.37578125 0.23984375 0.025 0.0171875
0 0.4234375 0.23984375 0.025 0.0171875
0 0.471875 0.23984375 0.025 0.0171875
0 0.51875 0.23984375 0.025 0.0171875
0 0.56640625 0.23984375 0.025 0.0171875
0 0.6140625 0.23984375 0.025 0.0171875
0 0.66171875 0.23984375 0.025 0.0171875
0 0.709375 0.23984375 0.025 0.0171875
0 0.75703125 0.23984375 0.025 0.0171875
0 0.8046875 0.23984375 0.025 0.0171875
0 0.85234375 0.23984375 0.025 0.0171875
0 0.89921875 0.23984375 0.025 0.0171875
0 0.94765625 0.23984375 0.025 0.0171875
0 0.94765625 0.2734375 0.025 0.0171875
0 0.89921875 0.2734375 0.025 0.0171875
0 0.85234375 0.2734375 0.025 0.0171875
0 0.8046875 0.2734375 0.025 0.0171875
0 0.75703125 0.2734375 0.025 0.0171875
0 0.709375 0.27265625 0.025 0.0171875
0 0.66171875 0.2734375 0.025 0.0171875
0 0.6140625 0.2734375 0.025 0.0171875
0 0.56640625 0.2734375 0.025 0.0171875
0 0.51875 0.2734375 0.025 0.0171875
0 0.471875 0.2734375 0.025 0.0171875
0 0.4234375 0.2734375 0.025 0.0171875
0 0.37578125 0.2734375 0.025 0.0171875
0 0.37578125 0.30703125 0.025 0.0171875
0 0.4234375 0.30703125 0.025 0.0171875
0 0.471875 0.30703125 0.025 0.0171875
0 0.51953125 0.30703125 0.025 0.0171875
0 0.56640625 0.30703125 0.025 0.0171875
0 0.6140625 0.30703125 0.025 0.0171875
0 0.66171875 0.30703125 0.025 0.0171875
0 0.66171875 0.30703125 0.025 0.0171875
0 0.709375 0.30703125 0.025 0.0171875
0 0.75703125 0.30703125 0.025 0.0171875
0 0.8046875 0.30703125 0.025 0.0171875
0 0.85234375 0.30703125 0.025 0.0171875
0 0.9 0.30703125 0.025 0.0171875
0 0.94765625 0.30703125 0.025 0.0171875
0 0.94765625 0.340625 0.025 0.0171875
0 0.89921875 0.340625 0.025 0.0171875
0 0.85234375 0.340625 0.025 0.0171875
0 0.8046875 0.340625 0.025 0.0171875
0 0.75703125 0.340625 0.025 0.0171875
0 0.709375 0.340625 0.025 0.0171875
0 0.66171875 0.340625 0.025 0.0171875
0 0.6140625 0.340625 0.025 0.0171875
0 0.56640625 0.340625 0.025 0.0171875
0 0.51875 0.340625 0.025 0.0171875
0 0.471875 0.340625 0.025 0.0171875
0 0.4234375 0.340625 0.025 0.0171875
0 0.37578125 0.340625 0.025 0.0171875
0 0.37578125 0.37421875 0.025 0.0171875
0 0.4234375 0.37421875 0.025 0.0171875
0 0.47109375 0.37421875 0.025 0.0171875
0 0.51875 0.37421875 0.025 0.0171875
0 0.56640625 0.37421875 0.025 0.0171875
0 0.6140625 0.37421875 0.025 0.0171875
0 0.66171875 0.37421875 0.025 0.0171875
0 0.709375 0.37421875 0.025 0.0171875
0 0.75703125 0.37421875 0.025 0.0171875
0 0.8046875 0.37421875 0.025 0.0171875
0 0.85234375 0.37421875 0.025 0.0171875
0 0.89921875 0.37421875 0.025 0.0171875
0 0.94765625 0.37421875 0.025 0.0171875
0 0.94765625 0.37421875 0.025 0.0171875
0 0.94765625 0.4078125 0.025 0.0171875
0 0.89921875 0.4078125 0.025 0.0171875
0 0.85234375 0.4078125 0.025 0.0171875
0 0.8046875 0.4078125 0.025 0.0171875
0 0.75703125 0.4078125 0.025 0.0171875
0 0.709375 0.4078125 0.025 0.0171875
0 0.66171875 0.4078125 0.025 0.0171875
0 0.6140625 0.4078125 0.025 0.0171875
0 0.56640625 0.4078125 0.025 0.0171875
0 0.51953125 0.4078125 0.025 0.0171875
0 0.471875 0.4078125 0.025 0.0171875
0 0.4234375 0.4078125 0.025 0.0171875
0 0.37578125 0.4078125 0.025 0.0171875
0 0.37578125 0.44140625 0.025 0.0171875
0 0.4234375 0.44140625 0.025 0.0171875
0 0.471875 0.44140625 0.025 0.0171875
0 0.51875 0.44140625 0.025 0.0171875
0 0.56640625 0.44140625 0.025 0.0171875
0 0.6140625 0.44140625 0.025 0.0171875
0 0.66171875 0.44140625 0.025 0.0171875
0 0.709375 0.44140625 0.025 0.0171875
0 0.75703125 0.44140625 0.025 0.0171875
0 0.8046875 0.44140625 0.025 0.0171875
0 0.8515625 0.44140625 0.025 0.0171875
0 0.9 0.44140625 0.025 0.0171875
0 0.94765625 0.44140625 0.025 0.0171875
0 0.94765625 0.475 0.025 0.0171875
0 0.89921875 0.475 0.025 0.0171875
0 0.85234375 0.475 0.025 0.0171875
0 0.8046875 0.475 0.025 0.0171875
0 0.75703125 0.475 0.025 0.0171875
0 0.709375 0.475 0.025 0.0171875
0 0.66171875 0.475 0.025 0.0171875
0 0.6140625 0.475 0.025 0.0171875
0 0.56640625 0.475 0.025 0.0171875
0 0.51875 0.475 0.025 0.0171875
0 0.471875 0.475 0.025 0.0171875
0 0.4234375 0.475 0.025 0.0171875
0 0.37578125 0.475 0.025 0.0171875
0 0.37578125 0.50859375 0.025 0.0171875
0 0.4234375 0.50859375 0.025 0.0171875
0 0.47109375 0.50859375 0.025 0.0171875
0 0.51875 0.50859375 0.025 0.0171875
0 0.56640625 0.50859375 0.025 0.0171875
0 0.6140625 0.50859375 0.025 0.0171875
0 0.66171875 0.50859375 0.025 0.0171875
0 0.709375 0.50859375 0.025 0.0171875
0 0.75703125 0.50859375 0.025 0.0171875
0 0.8046875 0.50859375 0.025 0.0171875
0 0.85234375 0.50859375 0.025 0.0171875
0 0.89921875 0.50859375 0.025 0.0171875
0 0.94765625 0.50859375 0.025 0.0171875
0 0.94765625 0.54296875 0.025 0.0171875
0 0.89921875 0.5421875 0.025 0.0171875
0 0.85234375 0.54296875 0.025 0.0171875
0 0.8046875 0.54296875 0.025 0.0171875
0 0.75703125 0.54296875 0.025 0.0171875
0 0.709375 0.54296875 0.025 0.0171875
0 0.6140625 0.54296875 0.025 0.0171875
0 0.66171875 0.5421875 0.025 0.0171875
0 0.56640625 0.5421875 0.025 0.0171875
0 0.51875 0.54296875 0.025 0.0171875
0 0.47109375 0.54296875 0.025 0.0171875
0 0.4234375 0.5421875 0.025 0.0171875
0 0.37578125 0.54296875 0.025 0.0171875
0 0.37578125 0.57578125 0.025 0.0171875
0 0.4234375 0.57578125 0.025 0.0171875
0 0.47109375 0.57578125 0.025 0.0171875
0 0.51953125 0.57578125 0.025 0.0171875
0 0.56640625 0.5765625 0.025 0.0171875
0 0.6140625 0.57578125 0.025 0.0171875
0 0.66171875 0.57578125 0.025 0.0171875
0 0.709375 0.5765625 0.025 0.0171875
0 0.75703125 0.5765625 0.025 0.0171875
0 0.8046875 0.57578125 0.025 0.0171875
0 0.85234375 0.57578125 0.025 0.0171875
0 0.9 0.57578125 0.025 0.0171875
0 0.94765625 0.57578125 0.025 0.0171875
0 0.94765625 0.609375 0.025 0.0171875
0 0.89921875 0.61015625 0.025 0.0171875
0 0.85234375 0.61015625 0.025 0.0171875
0 0.8046875 0.61015625 0.025 0.0171875
0 0.75703125 0.609375 0.025 0.0171875
0 0.709375 0.61015625 0.025 0.0171875
0 0.6140625 0.61015625 0.025 0.0171875
0 0.66171875 0.61015625 0.025 0.0171875
0 0.56640625 0.609375 0.025 0.0171875
0 0.51875 0.61015625 0.025 0.0171875
0 0.471875 0.61015625 0.025 0.0171875
0 0.4234375 0.61015625 0.025 0.0171875
0 0.37578125 0.61015625 0.025 0.0171875
0 0.37578125 0.64375 0.025 0.0171875
0 0.4234375 0.64296875 0.025 0.0171875
0 0.4234375 0.64296875 0.025 0.0171875
0 0.47109375 0.64296875 0.025 0.0171875
0 0.51875 0.64375 0.025 0.0171875
0 0.56640625 0.64296875 0.025 0.0171875
0 0.6140625 0.64296875 0.025 0.0171875
0 0.66171875 0.64375 0.025 0.0171875
0 0.709375 0.64375 0.025 0.0171875
0 0.75703125 0.64296875 0.025 0.0171875
0 0.8046875 0.64375 0.025 0.0171875
0 0.8515625 0.64375 0.025 0.0171875
0 0.89921875 0.64296875 0.025 0.0171875
0 0.94765625 0.64296875 0.025 0.0171875
0 0.94765625 0.67734375 0.025 0.0171875
0 0.89921875 0.67734375 0.025 0.0171875
0 0.85234375 0.67734375 0.025 0.0171875
0 0.8046875 0.67734375 0.025 0.0171875
0 0.75703125 0.67734375 0.025 0.0171875
0 0.709375 0.67734375 0.025 0.0171875
0 0.6625 0.67734375 0.025 0.0171875
0 0.6140625 0.67734375 0.025 0.0171875
0 0.56640625 0.67734375 0.025 0.0171875
0 0.51875 0.67734375 0.025 0.0171875
0 0.471875 0.67734375 0.025 0.0171875
0 0.4234375 0.67734375 0.025 0.0171875
0 0.37578125 0.67734375 0.025 0.0171875
0 0.37578125 0.7109375 0.025 0.0171875
0 0.4234375 0.7109375 0.025 0.0171875
0 0.47109375 0.7109375 0.025 0.0171875
0 0.51875 0.7109375 0.025 0.0171875
0 0.56640625 0.7109375 0.025 0.0171875
0 0.6140625 0.7109375 0.025 0.0171875
0 0.66171875 0.7109375 0.025 0.0171875
0 0.709375 0.7109375 0.025 0.0171875
0 0.75703125 0.7109375 0.025 0.0171875
0 0.8046875 0.7109375 0.025 0.0171875
0 0.85234375 0.7109375 0.025 0.0171875
0 0.89921875 0.7109375 0.025 0.0171875
0 0.94765625 0.7109375 0.025 0.0171875
0 0.94765625 0.74453125 0.025 0.0171875
0 0.89921875 0.74453125 0.025 0.0171875
0 0.85234375 0.74453125 0.025 0.0171875
0 0.8046875 0.74453125 0.025 0.0171875
0 0.75703125 0.74453125 0.025 0.0171875
0 0.709375 0.74453125 0.025 0.0171875
0 0.66171875 0.74453125 0.025 0.0171875
0 0.6140625 0.74453125 0.025 0.0171875
0 0.56640625 0.74453125 0.025 0.0171875
0 0.51875 0.74453125 0.025 0.0171875
0 0.471875 0.74453125 0.025 0.0171875
0 0.4234375 0.74453125 0.025 0.0171875
0 0.37578125 0.74453125 0.025 0.0171875
0 0.37578125 0.778125 0.025 0.0171875
0 0.4234375 0.778125 0.025 0.0171875
0 0.471875 0.778125 0.025 0.0171875
0 0.51875 0.778125 0.025 0.0171875
0 0.56640625 0.778125 0.025 0.0171875
0 0.6140625 0.778125 0.025 0.0171875
0 0.66171875 0.778125 0.025 0.0171875
0 0.709375 0.778125 0.025 0.0171875
0 0.75703125 0.778125 0.025 0.0171875
0 0.8046875 0.778125 0.025 0.0171875
0 0.85234375 0.778125 0.025 0.0171875
0 0.9 0.778125 0.025 0.0171875
0 0.94765625 0.778125 0.025 0.0171875
0 0.94765625 0.778125 0.025 0.0171875
0 0.94765625 0.81171875 0.025 0.0171875
0 0.9 0.81171875 0.025 0.0171875
0 0.85234375 0.81171875 0.025 0.0171875
0 0.8046875 0.81171875 0.025 0.0171875
0 0.75703125 0.81171875 0.025 0.0171875
0 0.709375 0.81171875 0.025 0.0171875
0 0.66171875 0.81171875 0.025 0.0171875
0 0.6140625 0.81171875 0.025 0.0171875
0 0.56640625 0.81171875 0.025 0.0171875
0 0.51875 0.81171875 0.025 0.0171875
0 0.471875 0.81171875 0.025 0.0171875
0 0.4234375 0.81171875 0.025 0.0171875
0 0.37578125 0.81171875 0.025 0.0171875
0 0.37578125 0.8453125 0.025 0.0171875
0 0.4234375 0.8453125 0.025 0.0171875
0 0.47109375 0.8453125 0.025 0.0171875
0 0.51875 0.8453125 0.025 0.0171875
0 0.56640625 0.8453125 0.025 0.0171875
0 0.6140625 0.8453125 0.025 0.0171875
0 0.66171875 0.84609375 0.025 0.0171875
0 0.709375 0.8453125 0.025 0.0171875
0 0.75703125 0.8453125 0.025 0.0171875
0 0.8046875 0.8453125 0.025 0.0171875
0 0.85234375 0.84609375 0.025 0.0171875
0 0.89921875 0.8453125 0.025 0.0171875
0 0.94765625 0.8453125 0.025 0.0171875
0 0.94765625 0.87890625 0.025 0.0171875
0 0.89921875 0.87890625 0.025 0.0171875
0 0.85234375 0.87890625 0.025 0.0171875
0 0.8046875 0.87890625 0.025 0.0171875
0 0.75703125 0.87890625 0.025 0.0171875
0 0.709375 0.87890625 0.025 0.0171875
0 0.66171875 0.87890625 0.025 0.0171875
0 0.6140625 0.87890625 0.025 0.0171875
0 0.56640625 0.87890625 0.025 0.0171875
0 0.51875 0.87890625 0.025 0.0171875
0 0.471875 0.87890625 0.025 0.0171875
0 0.4234375 0.87890625 0.025 0.0171875
0 0.37578125 0.87890625 0.025 0.0171875
0 0.37578125 0.9125 0.025 0.0171875
0 0.4234375 0.9125 0.025 0.0171875
0 0.47109375 0.91328125 0.025 0.0171875
0 0.51875 0.91328125 0.025 0.0171875
0 0.56640625 0.91328125 0.025 0.0171875
0 0.6140625 0.91328125 0.025 0.0171875
0 0.66171875 0.91328125 0.025 0.0171875
0 0.709375 0.91328125 0.025 0.0171875
0 0.75703125 0.9125 0.025 0.0171875
0 0.8046875 0.91328125 0.025 0.0171875
0 0.85234375 0.91328125 0.025 0.0171875
0 0.89921875 0.91328125 0.025 0.0171875
0 0.94765625 0.91328125 0.025 0.0171875
0 0.94765625 0.94609375 0.025 0.0171875
0 0.9 0.94609375 0.025 0.0171875
0 0.85234375 0.946875 0.025 0.0171875
0 0.8046875 0.94609375 0.025 0.0171875
0 0.75703125 0.94609375 0.025 0.0171875
0 0.709375 0.94609375 0.025 0.0171875
0 0.66171875 0.946875 0.025 0.0171875
0 0.6140625 0.94609375 0.025 0.0171875
0 0.56640625 0.94609375 0.025 0.0171875
0 0.51875 0.94609375 0.025 0.0171875
0 0.471875 0.946875 0.025 0.0171875
0 0.4234375 0.94609375 0.025 0.0171875
0 0.37578125 0.94609375 0.025 0.0171875
0 0.328125 0.1390625 0.025 0.0171875
0 0.28125 0.1390625 0.025 0.0171875
0 0.2328125 0.1390625 0.025 0.0171875
0 0.18515625 0.13828125 0.025 0.0171875
0 0.1375 0.13828125 0.025 0.0171875
0 0.090625 0.1390625 0.025 0.0171875
0 0.04296875 0.13828125 0.025 0.0171875
0 0.04296875 0.171875 0.025 0.0171875
0 0.090625 0.171875 0.025 0.0171875
0 0.1375 0.171875 0.025 0.0171875
0 0.18515625 0.171875 0.025 0.0171875
0 0.2328125 0.171875 0.025 0.0171875
0 0.28046875 0.171875 0.025 0.0171875
0 0.328125 0.171875 0.025 0.0171875
0 0.32890625 0.20546875 0.025 0.0171875
0 0.28125 0.20625 0.025 0.0171875
0 0.2328125 0.20546875 0.025 0.0171875
0 0.18515625 0.20546875 0.025 0.0171875
0 0.1375 0.20625 0.025 0.0171875
0 0.08984375 0.20625 0.025 0.0171875
0 0.04296875 0.20546875 0.025 0.0171875
0 0.04296875 0.2390625 0.025 0.0171875
0 0.090625 0.23984375 0.025 0.0171875
0 0.1375 0.2390625 0.025 0.0171875
0 0.18515625 0.2390625 0.025 0.0171875
0 0.2328125 0.23984375 0.025 0.0171875
0 0.28125 0.2390625 0.025 0.0171875
0 0.32890625 0.23984375 0.025 0.0171875
0 0.32890625 0.2734375 0.025 0.0171875
0 0.28046875 0.2734375 0.025 0.0171875
0 0.28125 0.30703125 0.025 0.0171875
0 0.32890625 0.30703125 0.025 0.0171875
0 0.32890625 0.340625 0.025 0.0171875
0 0.32890625 0.37421875 0.025 0.0171875
0 0.28046875 0.37421875 0.025 0.0171875
0 0.28046875 0.340625 0.025 0.0171875
0 0.2328125 0.2734375 0.025 0.0171875
0 0.23359375 0.30703125 0.025 0.0171875
0 0.2328125 0.340625 0.025 0.0171875
0 0.23359375 0.37421875 0.025 0.0171875
0 0.23359375 0.4078125 0.025 0.0171875
0 0.28046875 0.4078125 0.025 0.0171875
0 0.32890625 0.4078125 0.025 0.0171875
0 0.328125 0.44140625 0.025 0.0171875
0 0.28046875 0.44140625 0.025 0.0171875
0 0.32890625 0.475 0.025 0.0171875
0 0.28046875 0.475 0.025 0.0171875
0 0.28046875 0.50859375 0.025 0.0171875
0 0.32890625 0.509375 0.025 0.0171875
0 0.32890625 0.5421875 0.025 0.0171875
0 0.28046875 0.5421875 0.025 0.0171875
0 0.28046875 0.5765625 0.025 0.0171875
0 0.32890625 0.5765625 0.025 0.0171875
0 0.32890625 0.61015625 0.025 0.0171875
0 0.28046875 0.61015625 0.025 0.0171875
0 0.28046875 0.64375 0.025 0.0171875
0 0.32890625 0.64375 0.025 0.0171875
0 0.32890625 0.67734375 0.025 0.0171875
0 0.32890625 0.7109375 0.025 0.0171875
0 0.32890625 0.74453125 0.025 0.0171875
0 0.32890625 0.778125 0.025 0.0171875
0 0.28046875 0.778125 0.025 0.0171875
0 0.28046875 0.74453125 0.025 0.0171875
0 0.28046875 0.7109375 0.025 0.0171875
0 0.32890625 0.81171875 0.025 0.0171875
0 0.28046875 0.67734375 0.025 0.0171875
0 0.28046875 0.81171875 0.025 0.0171875
0 0.32890625 0.8453125 0.025 0.0171875
0 0.28046875 0.8453125 0.025 0.0171875
0 0.28125 0.8796875 0.025 0.0171875
0 0.32890625 0.87890625 0.025 0.0171875
0 0.32890625 0.9125 0.025 0.0171875
0 0.32890625 0.946875 0.025 0.0171875
0 0.28046875 0.946875 0.025 0.0171875
0 0.28046875 0.91328125 0.025 0.0171875
0 0.2328125 0.946875 0.025 0.0171875
0 0.23359375 0.9125 0.025 0.0171875
0 0.2328125 0.87890625 0.025 0.0171875
0 0.23359375 0.8453125 0.025 0.0171875
0 0.23359375 0.74453125 0.025 0.0171875
0 0.23359375 0.778125 0.025 0.0171875
0 0.2328125 0.81171875 0.025 0.0171875
0 0.2328125 0.44140625 0.025 0.0171875
0 0.2328125 0.475 0.025 0.0171875
0 0.2328125 0.50859375 0.025 0.0171875
0 0.23359375 0.5421875 0.025 0.0171875
0 0.23359375 0.57578125 0.025 0.0171875
0 0.2328125 0.61015625 0.025 0.0171875
0 0.2328125 0.64375 0.025 0.0171875
0 0.23359375 0.67734375 0.025 0.0171875
0 0.23359375 0.7109375 0.025 0.0171875
0 0.18515625 0.64296875 0.025 0.0171875
0 0.13828125 0.64375 0.025 0.0171875
0 0.08984375 0.64296875 0.025 0.0171875
0 0.0421875 0.64375 0.025 0.0171875
0 0.0421875 0.67734375 0.025 0.0171875
0 0.08984375 0.67734375 0.025 0.0171875
0 0.13828125 0.67734375 0.025 0.0171875
0 0.18515625 0.67734375 0.025 0.0171875
0 0.1859375 0.7109375 0.025 0.0171875
0 0.1859375 0.74453125 0.025 0.0171875
0 0.13828125 0.7109375 0.025 0.0171875
0 0.090625 0.7109375 0.025 0.0171875
0 0.0421875 0.7109375 0.025 0.0171875
0 0.04296875 0.74453125 0.025 0.0171875
0 0.08984375 0.74453125 0.025 0.0171875
0 0.13828125 0.74453125 0.025 0.0171875
0 0.1859375 0.778125 0.025 0.0171875
0 0.13828125 0.778125 0.025 0.0171875
0 0.090625 0.778125 0.025 0.0171875
0 0.04296875 0.778125 0.025 0.0171875
0 0.04296875 0.81171875 0.025 0.0171875
0 0.08984375 0.81171875 0.025 0.0171875
0 0.13828125 0.81171875 0.025 0.0171875
0 0.18515625 0.81171875 0.025 0.0171875
0 0.1859375 0.8453125 0.025 0.0171875
0 0.13828125 0.8453125 0.025 0.0171875
0 0.090625 0.8453125 0.025 0.0171875
0 0.04296875 0.8453125 0.025 0.0171875
0 0.04296875 0.87890625 0.025 0.0171875
0 0.090625 0.8796875 0.025 0.0171875
0 0.13828125 0.87890625 0.025 0.0171875
0 0.18515625 0.8796875 0.025 0.0171875
0 0.1859375 0.91328125 0.025 0.0171875
0 0.1859375 0.94609375 0.025 0.0171875
0 0.13828125 0.94609375 0.025 0.0171875
0 0.08984375 0.94609375 0.025 0.0171875
0 0.0421875 0.94609375 0.025 0.0171875
0 0.04296875 0.91328125 0.025 0.0171875
0 0.08984375 0.91328125 0.025 0.0171875
0 0.13828125 0.91328125 0.025 0.0171875
0 0.04296875 0.61015625 0.025 0.0171875
0 0.08984375 0.61015625 0.025 0.0171875
0 0.13828125 0.609375 0.025 0.0171875
0 0.1859375 0.61015625 0.025 0.0171875
0 0.1859375 0.57578125 0.025 0.0171875
0 0.13828125 0.5765625 0.025 0.0171875
0 0.08984375 0.57578125 0.025 0.0171875
0 0.0421875 0.57578125 0.025 0.0171875
0 0.04296875 0.5421875 0.025 0.0171875
0 0.08984375 0.5421875 0.025 0.0171875
0 0.13828125 0.5421875 0.025 0.0171875
0 0.1859375 0.5421875 0.025 0.0171875
0 0.1859375 0.50859375 0.025 0.0171875
0 0.13828125 0.509375 0.025 0.0171875
0 0.090625 0.50859375 0.025 0.0171875
0 0.04296875 0.50859375 0.025 0.0171875
0 0.04296875 0.475 0.025 0.0171875
0 0.08984375 0.475 0.025 0.0171875
0 0.13828125 0.475 0.025 0.0171875
0 0.1859375 0.475 0.025 0.0171875
0 0.1859375 0.44140625 0.025 0.0171875
0 0.1859375 0.4078125 0.025 0.0171875
0 0.18515625 0.37421875 0.025 0.0171875
0 0.18515625 0.340625 0.025 0.0171875
0 0.18515625 0.30703125 0.025 0.0171875
0 0.18515625 0.2734375 0.025 0.0171875
0 0.13828125 0.2734375 0.025 0.0171875
0 0.13828125 0.30703125 0.025 0.0171875
0 0.13828125 0.340625 0.025 0.0171875
0 0.13828125 0.37421875 0.025 0.0171875
0 0.1375 0.4078125 0.025 0.0171875
0 0.13828125 0.44140625 0.025 0.0171875
0 0.08984375 0.44140625 0.025 0.0171875
0 0.04296875 0.44140625 0.025 0.0171875
0 0.08984375 0.4078125 0.025 0.0171875
0 0.04296875 0.4078125 0.025 0.0171875
0 0.04296875 0.37421875 0.025 0.0171875
0 0.08984375 0.37421875 0.025 0.0171875
0 0.08984375 0.340625 0.025 0.0171875
0 0.0421875 0.340625 0.025 0.0171875
0 0.08984375 0.30703125 0.025 0.0171875
0 0.0421875 0.30703125 0.025 0.0171875
0 0.04296875 0.2734375 0.025 0.0171875
0 0.08984375 0.27265625 0.025 0.0171875